20 125
1 16 59
1 15 92
1 18 33
1 17 56
1 8 45
1 9 80
1 7 53
1 14 83
1 20 46
1 2 17
1 10 51
2 12 67
2 7 20
2 5 11
2 11 26
2 8 71
2 6 91
2 18 49
2 4 71
2 19 66
2 3 41
2 10 39
3 20 51
3 4 66
3 9 95
3 16 75
3 14 59
3 6 45
3 7 11
3 11 24
3 15 27
3 13 24
4 8 48
4 10 99
4 13 46
4 6 70
4 17 69
4 15 74
4 11 63
4 5 89
4 12 64
4 18 10
5 10 35
5 7 51
5 16 99
5 6 48
5 14 68
5 9 92
5 18 36
5 8 38
5 19 69
5 13 37
5 20 35
6 19 53
6 17 15
6 8 61
6 11 61
6 14 27
6 16 38
6 7 83
6 13 77
6 10 31
6 12 59
6 9 61
7 8 56
7 18 44
7 14 63
7 10 82
7 15 16
7 12 80
7 9 54
7 16 82
8 19 33
8 16 83
8 12 33
8 13 70
8 18 90
8 15 81
8 10 67
8 9 36
9 15 58
9 11 77
9 20 17
9 14 79
9 16 68
9 12 30
10 20 51
10 14 93
10 15 86
10 19 96
10 11 15
11 15 75
11 19 81
11 16 63
11 20 83
11 12 94
11 18 56
12 15 78
12 16 84
12 20 19
12 18 54
12 14 68
12 19 25
13 16 59
13 20 32
13 17 87
13 15 17
14 20 31
14 17 45
14 18 79
14 15 48
15 16 10
15 17 73
15 19 70
15 20 66
16 19 31
16 20 97
16 17 17
16 18 35
17 18 48
17 20 13
17 19 81
18 20 53
18 19 68
19 20 52
