30 59
1 22 19
1 6 33
1 27 40
2 11 71
2 8 67
2 5 32
3 13 31
3 23 50
3 10 36
3 8 85
4 20 47
4 10 100
4 28 43
4 14 49
5 11 78
5 8 39
5 18 17
6 8 59
6 28 97
6 18 19
6 13 32
6 29 12
6 19 95
7 25 95
7 11 36
8 26 30
8 20 58
8 22 72
9 26 38
10 30 22
10 12 38
10 28 38
10 14 43
10 17 89
12 23 74
12 19 81
12 20 52
13 29 19
14 15 13
14 18 12
14 28 56
15 16 17
17 25 16
17 24 30
18 27 12
18 30 10
19 22 11
19 28 60
20 27 25
20 29 35
21 27 51
22 25 92
22 30 38
23 26 13
23 30 95
24 26 46
24 28 40
25 29 16
27 28 51
