40 251
1 5 37
1 14 58
1 28 49
1 37 99
1 18 22
1 4 14
1 36 76
1 26 26
1 17 69
1 24 55
1 35 83
1 32 74
1 31 56
1 40 98
1 6 81
2 30 18
2 40 37
2 15 87
2 26 38
2 29 22
2 19 38
2 35 34
2 8 77
2 12 45
2 23 49
2 39 86
3 4 56
3 26 81
3 36 32
3 10 100
3 5 49
3 27 81
3 21 31
3 30 58
3 15 28
3 17 51
3 31 74
3 28 70
4 18 32
4 22 98
4 31 87
4 6 74
4 25 67
4 40 44
4 28 29
4 16 82
4 37 61
4 36 14
4 13 92
4 30 29
4 8 75
5 35 43
5 22 34
5 24 56
5 18 63
5 17 17
5 16 85
5 23 30
5 7 72
6 29 76
6 25 43
6 14 98
6 40 70
6 37 38
6 21 43
6 38 100
6 34 18
7 18 31
7 22 45
7 32 76
7 20 48
7 15 64
7 19 45
7 13 40
7 35 36
7 23 84
7 29 13
7 38 34
7 9 67
8 31 49
8 19 78
8 12 92
8 36 65
8 16 91
8 30 88
8 37 16
8 14 94
8 39 81
8 34 90
8 26 27
8 11 70
9 17 91
9 10 99
9 11 66
9 21 26
9 16 86
9 28 87
9 35 21
9 30 50
9 18 51
10 12 34
10 35 85
10 16 92
10 13 38
10 34 79
10 25 15
10 31 76
10 24 67
10 33 22
10 20 85
10 38 44
10 39 73
11 16 100
11 33 28
11 15 56
11 14 67
11 35 68
11 26 60
11 37 99
11 22 37
11 17 40
11 12 40
12 34 37
12 24 27
12 37 74
12 21 88
12 20 14
12 39 50
13 25 50
13 15 73
13 31 29
13 21 33
13 19 60
13 18 33
13 32 41
13 14 72
13 36 97
14 35 100
14 39 100
14 34 49
14 40 26
14 38 31
15 18 57
15 29 98
15 33 42
15 25 51
15 21 42
15 30 90
15 22 14
16 25 25
16 28 22
16 38 27
16 24 92
16 30 91
16 37 23
16 39 50
17 32 67
17 20 23
17 21 28
17 22 38
17 18 18
17 27 81
18 39 71
18 34 33
18 40 98
18 32 74
18 21 100
18 38 31
19 32 85
19 28 46
19 40 34
19 38 20
19 35 96
19 34 37
19 39 85
20 40 65
20 28 33
20 21 52
21 28 20
21 36 74
21 29 95
21 30 80
21 23 19
21 40 19
21 34 22
21 38 84
22 38 88
22 26 20
22 39 97
22 33 79
22 30 57
23 40 75
23 29 45
23 39 83
23 25 26
24 29 41
24 35 69
24 38 17
24 34 31
24 37 34
24 27 45
24 39 77
25 27 97
25 29 57
25 30 70
25 32 49
25 35 41
25 39 32
25 28 76
25 31 37
26 28 74
26 31 32
26 32 59
26 40 77
27 35 37
27 38 38
27 36 45
27 40 21
28 37 13
28 34 70
28 40 43
28 29 52
28 36 29
28 31 16
28 30 52
28 35 94
29 35 69
29 37 61
29 40 88
29 36 70
30 33 63
30 39 38
31 39 83
31 40 84
31 32 61
31 35 21
32 34 31
32 33 73
32 39 54
33 36 68
33 37 87
33 34 72
34 38 19
34 40 98
34 36 78
35 37 17
35 39 82
37 39 10
37 38 54
38 40 34
38 39 15
