50 679
1 44 13
1 8 92
1 38 19
1 33 62
1 46 100
1 26 29
1 2 11
1 5 90
1 31 14
1 23 42
1 47 95
1 41 96
1 43 97
1 32 38
1 18 64
1 9 84
1 21 100
1 11 98
1 27 69
1 10 36
1 34 10
1 13 66
1 22 72
1 29 61
1 6 50
1 40 51
1 17 32
1 16 67
1 14 36
1 3 91
1 12 13
2 30 19
2 38 82
2 25 99
2 5 65
2 6 79
2 16 38
2 35 28
2 40 21
2 49 78
2 47 98
2 12 43
2 44 50
2 42 55
2 43 72
2 34 87
2 31 82
2 41 61
2 39 92
2 48 76
2 15 76
2 37 29
2 32 13
2 10 67
2 27 53
2 36 66
2 29 26
2 13 36
3 7 69
3 48 70
3 26 18
3 22 76
3 44 84
3 49 18
3 32 46
3 45 66
3 38 72
3 21 36
3 29 16
3 14 65
3 37 46
3 13 92
3 17 15
3 47 96
3 6 69
3 33 95
3 50 65
3 12 33
3 42 27
3 10 62
3 46 31
3 23 94
3 15 23
3 31 91
4 7 82
4 28 26
4 44 89
4 8 94
4 42 98
4 40 22
4 17 70
4 45 97
4 9 13
4 41 90
4 49 95
4 30 11
4 35 13
4 11 23
4 14 41
4 26 95
4 22 75
4 19 26
4 43 80
4 23 60
4 36 63
4 24 79
4 34 11
4 47 84
4 48 59
4 31 48
4 46 97
4 18 93
4 32 98
4 10 23
4 5 95
5 33 25
5 19 49
5 39 48
5 25 33
5 18 93
5 23 100
5 10 61
5 30 41
5 16 85
5 38 63
5 42 13
5 49 47
5 12 73
5 24 49
5 37 79
5 46 21
5 36 75
5 41 99
5 8 53
5 28 17
5 48 34
5 27 96
5 7 52
5 26 94
5 35 40
5 34 94
5 32 73
6 30 95
6 16 38
6 23 27
6 18 69
6 34 91
6 44 65
6 50 42
6 8 73
6 33 15
6 12 50
6 31 53
6 28 67
6 27 77
6 41 35
6 7 51
6 38 69
6 32 97
6 11 51
6 13 100
6 10 15
6 25 17
6 35 69
7 19 95
7 48 69
7 40 42
7 15 50
7 31 36
7 30 22
7 50 65
7 33 56
7 8 97
7 37 87
7 27 70
7 12 86
7 39 29
7 47 45
7 46 90
7 49 89
7 16 12
7 45 25
7 29 20
8 25 22
8 49 57
8 22 89
8 27 68
8 17 37
8 13 25
8 38 71
8 26 30
8 42 96
8 16 71
8 29 22
8 23 73
8 32 10
8 36 10
8 50 50
8 9 62
8 41 93
8 44 70
8 19 20
8 14 27
8 35 86
9 19 50
9 10 62
9 38 45
9 29 50
9 21 27
9 49 68
9 26 72
9 48 12
9 24 79
9 27 50
9 31 68
9 20 59
9 34 41
9 43 77
9 15 46
9 28 73
9 50 83
9 32 28
9 22 78
9 16 25
9 35 20
9 46 39
9 11 74
10 18 45
10 14 16
10 15 90
10 29 73
10 24 80
10 26 98
10 16 86
10 11 25
10 23 64
10 28 65
10 21 16
10 38 41
10 32 55
10 39 46
10 25 60
10 43 64
10 17 63
10 50 26
10 13 92
10 49 67
10 35 20
10 12 31
10 27 33
10 40 39
11 31 12
11 44 75
11 48 31
11 45 38
11 46 93
11 43 52
11 18 49
11 34 56
11 36 78
11 15 35
11 40 83
11 49 99
11 30 32
11 14 32
11 47 44
11 39 92
11 28 68
11 16 95
11 23 88
11 20 93
11 37 52
12 40 30
12 15 50
12 47 61
12 37 45
12 45 64
12 35 76
12 26 84
12 22 44
12 27 58
12 34 56
12 50 20
12 30 82
12 41 14
12 14 71
12 20 91
12 23 32
12 25 38
12 17 84
12 43 59
12 36 51
12 32 48
12 24 24
12 13 18
12 49 47
13 29 11
13 47 22
13 37 46
13 23 60
13 14 93
13 40 34
13 31 13
13 27 12
13 18 44
13 39 79
13 22 72
13 35 83
13 26 56
13 44 42
13 36 71
13 33 11
13 16 73
13 28 97
14 47 36
14 39 19
14 41 66
14 25 58
14 24 20
14 16 84
14 45 10
14 43 39
14 35 25
14 22 30
14 17 89
14 18 76
14 37 36
14 26 47
14 23 88
14 20 22
14 44 62
14 29 20
14 50 28
14 19 97
15 47 77
15 42 34
15 50 37
15 34 97
15 38 81
15 22 43
15 33 65
15 31 66
15 44 54
15 27 94
15 16 24
15 41 82
15 24 54
15 30 78
15 25 83
15 26 54
15 39 22
15 28 51
15 18 95
15 19 63
15 20 66
16 17 32
16 44 94
16 48 73
16 20 91
16 45 66
16 28 96
16 23 84
16 39 13
16 40 49
16 24 85
16 33 96
16 25 57
16 46 89
16 32 67
16 36 82
17 49 43
17 50 71
17 20 82
17 38 80
17 19 100
17 23 38
17 30 92
17 35 31
17 18 67
17 34 60
17 26 42
17 37 95
17 45 57
17 36 36
17 25 36
18 29 77
18 50 17
18 32 15
18 26 21
18 30 58
18 44 80
18 39 51
18 41 14
18 31 46
18 49 16
18 34 91
18 19 100
19 36 80
19 49 99
19 33 17
19 27 39
19 39 77
19 46 99
19 20 70
19 21 54
19 28 77
19 41 79
19 38 11
19 40 62
19 34 79
19 42 50
19 29 94
20 30 68
20 21 79
20 43 98
20 35 34
20 25 19
20 50 84
20 44 52
20 29 30
20 31 70
20 47 85
20 36 26
20 26 88
20 48 65
20 46 83
21 48 74
21 30 17
21 23 55
21 43 16
21 31 92
21 28 20
21 29 15
21 22 72
21 34 73
21 36 74
21 46 59
21 32 49
21 24 39
21 50 87
21 44 58
21 35 54
21 47 43
21 38 35
22 24 50
22 25 12
22 33 12
22 27 72
22 40 17
22 34 22
22 43 37
22 28 82
22 42 46
22 50 49
22 23 94
22 29 27
22 38 92
22 47 100
22 46 22
22 37 97
22 30 17
22 41 55
23 32 72
23 42 28
23 47 99
23 36 35
23 50 88
23 24 52
23 39 33
23 25 86
23 30 47
23 31 92
23 29 76
23 43 95
23 34 29
23 45 61
24 33 95
24 34 60
24 28 55
24 39 68
24 27 47
24 46 99
24 38 10
24 45 77
24 42 44
24 41 27
24 47 52
24 31 39
24 43 74
25 34 51
25 36 22
25 27 43
25 32 60
25 35 73
25 45 47
25 50 98
25 30 65
25 29 64
25 41 30
25 31 42
25 28 65
26 41 79
26 44 37
26 40 98
26 49 77
26 38 20
26 36 43
26 48 12
26 46 57
26 29 43
26 50 87
26 47 45
26 27 42
26 31 59
26 33 15
26 42 27
26 30 61
26 35 43
26 32 21
26 39 73
27 49 99
27 47 46
27 42 16
27 31 17
27 33 36
27 41 11
27 36 95
27 34 45
27 38 56
27 40 70
27 46 85
27 44 34
27 39 56
28 49 18
28 37 33
28 45 60
28 30 99
28 50 40
28 38 94
28 29 77
28 44 91
28 33 58
29 37 13
29 35 65
29 30 21
29 50 10
29 36 52
29 34 67
29 32 77
29 42 77
29 44 39
29 38 19
29 47 78
29 49 62
29 41 52
29 39 18
30 38 42
30 41 95
30 39 25
30 49 33
30 44 73
30 36 58
30 50 81
30 48 98
30 42 17
30 31 91
31 34 67
31 44 56
31 38 50
31 43 80
31 40 84
31 50 45
31 35 47
31 41 74
31 36 75
31 47 50
31 49 62
31 48 97
32 44 11
32 40 35
32 35 33
32 43 60
32 42 65
32 45 20
32 41 72
32 34 14
32 36 69
32 50 48
32 46 92
33 45 98
33 42 35
33 47 27
33 36 58
33 34 54
33 43 57
33 40 98
33 38 13
33 48 14
33 50 52
33 46 27
34 42 71
34 43 77
34 45 97
34 46 72
34 50 27
34 40 95
34 37 28
34 38 60
34 41 46
34 36 24
34 48 46
34 49 84
34 39 12
35 43 23
35 36 28
35 41 61
35 39 86
35 46 63
35 42 30
35 47 77
35 44 52
35 49 85
35 48 48
36 43 41
36 42 26
36 50 76
36 41 96
36 39 61
36 47 34
36 44 15
36 49 54
37 49 68
37 45 52
37 44 80
37 38 46
37 41 11
38 48 41
38 43 96
38 40 34
38 41 90
38 39 86
38 44 76
39 47 53
39 42 26
39 43 34
39 45 42
39 41 48
39 40 52
39 46 90
39 48 67
39 49 77
40 44 14
40 46 44
40 49 74
40 42 58
41 42 62
41 49 73
41 46 37
41 47 26
41 44 88
41 45 23
42 45 12
42 44 85
42 48 26
42 43 25
42 46 93
43 50 96
43 49 79
43 48 30
44 48 61
44 46 97
44 50 60
44 45 65
45 49 35
46 47 81
47 48 86
47 49 74
48 49 76
49 50 68
