150 5161
1 73 14
1 2 44
1 146 58
1 85 76
1 55 20
1 27 27
1 102 54
1 127 34
1 52 43
1 19 84
1 28 77
1 64 51
1 62 67
1 83 74
1 13 86
1 58 42
1 17 61
1 113 45
1 5 91
1 142 44
1 9 65
1 61 26
1 72 97
1 46 15
1 88 73
1 148 35
1 94 10
1 105 45
1 136 89
1 6 86
1 56 94
1 95 35
1 38 83
1 67 29
1 32 17
1 101 49
1 145 99
1 26 26
1 87 83
1 51 46
1 98 16
1 31 18
1 140 76
1 65 66
1 53 79
1 104 61
1 54 92
1 25 36
1 70 39
1 121 62
1 39 81
1 8 17
1 100 91
1 74 63
1 30 64
1 45 83
1 12 39
1 141 34
1 15 89
1 138 30
1 109 17
1 132 65
1 91 94
1 78 80
1 23 32
1 82 94
1 150 56
1 77 61
1 117 27
2 37 85
2 22 62
2 139 19
2 117 66
2 123 40
2 12 69
2 35 53
2 131 19
2 5 99
2 6 23
2 145 35
2 99 48
2 47 40
2 3 21
2 52 45
2 87 71
2 135 33
2 77 37
2 134 35
2 39 32
2 65 57
2 69 12
2 143 24
2 109 82
2 73 73
2 96 53
2 55 87
2 121 43
2 30 96
2 68 67
2 102 60
2 70 96
2 51 11
2 11 31
2 40 94
2 97 24
2 107 73
2 95 56
2 21 51
2 43 91
2 8 100
2 133 39
2 130 65
2 89 48
2 41 43
2 137 28
2 108 10
2 14 42
2 64 53
2 31 60
2 76 75
2 29 56
2 122 91
2 26 45
2 106 85
2 45 17
2 19 12
2 147 42
2 57 60
2 16 65
2 144 98
2 58 57
2 63 79
2 4 19
2 13 47
2 136 47
2 71 18
3 114 27
3 150 10
3 60 75
3 83 69
3 18 53
3 75 36
3 67 75
3 117 58
3 7 46
3 57 48
3 146 68
3 11 28
3 24 20
3 20 82
3 80 58
3 73 46
3 89 29
3 38 65
3 58 66
3 37 34
3 139 60
3 132 74
3 116 55
3 9 40
3 5 27
3 112 75
3 141 87
3 46 51
3 131 94
3 108 19
3 41 81
3 61 64
3 71 28
3 81 13
3 91 39
3 125 62
3 16 100
3 52 28
3 97 78
3 40 99
3 144 20
3 44 41
3 126 16
3 88 83
3 23 30
3 98 91
3 15 83
3 101 67
3 47 18
3 70 21
3 74 51
3 66 71
3 51 52
3 13 97
3 142 80
3 123 30
3 49 82
3 111 77
3 26 95
3 100 73
3 96 71
3 113 19
3 48 90
3 31 17
4 114 45
4 34 48
4 111 18
4 72 75
4 85 38
4 59 45
4 94 95
4 143 11
4 136 55
4 23 58
4 84 49
4 67 87
4 116 15
4 70 35
4 20 63
4 115 60
4 128 29
4 60 56
4 141 93
4 43 52
4 108 69
4 16 36
4 45 58
4 41 51
4 69 42
4 109 18
4 44 38
4 6 100
4 146 63
4 140 58
4 63 38
4 130 26
4 125 80
4 51 78
4 58 59
4 37 71
4 61 81
4 122 80
4 42 82
4 101 64
4 95 35
4 65 86
4 104 69
4 77 92
4 49 63
4 24 29
4 98 34
4 75 81
4 47 86
4 14 88
4 68 58
4 76 77
4 48 99
4 150 62
4 87 66
4 13 71
4 8 49
4 78 83
4 40 72
4 27 30
4 79 38
4 102 96
4 26 52
4 126 25
4 117 79
4 36 65
4 100 51
4 38 17
4 123 45
4 10 25
4 145 89
4 64 98
5 72 39
5 76 18
5 10 75
5 69 73
5 44 31
5 119 92
5 53 50
5 42 15
5 97 71
5 32 98
5 123 62
5 11 86
5 25 84
5 137 28
5 118 72
5 27 22
5 36 85
5 117 53
5 21 70
5 131 12
5 6 77
5 116 53
5 78 52
5 103 44
5 104 44
5 150 20
5 75 96
5 85 48
5 83 90
5 8 95
5 81 45
5 87 100
5 92 13
5 130 33
5 30 45
5 64 79
5 49 46
5 79 23
5 74 94
5 62 94
5 39 95
5 61 41
5 51 39
5 88 20
5 57 87
5 43 35
5 113 55
5 134 79
5 89 81
5 13 16
5 128 91
5 94 44
5 110 27
5 86 12
5 23 77
5 149 75
5 68 63
5 101 91
5 38 69
5 122 82
5 121 87
5 108 81
5 99 14
5 105 50
5 91 79
5 145 44
5 58 75
5 22 13
5 70 17
6 20 46
6 122 39
6 135 94
6 77 57
6 34 73
6 74 22
6 139 62
6 76 63
6 40 28
6 64 94
6 29 18
6 103 40
6 114 91
6 66 37
6 41 68
6 100 76
6 18 55
6 58 43
6 142 35
6 65 55
6 141 43
6 79 87
6 61 44
6 146 52
6 131 64
6 55 77
6 90 12
6 25 54
6 13 100
6 130 64
6 149 95
6 9 79
6 17 61
6 23 53
6 119 81
6 15 52
6 105 49
6 150 87
6 93 72
6 43 37
6 87 22
6 30 72
6 111 24
6 14 23
6 127 24
6 45 78
6 62 73
6 101 38
6 144 100
6 137 38
6 38 77
6 133 27
6 75 100
7 39 80
7 25 78
7 105 76
7 139 21
7 44 89
7 129 13
7 33 88
7 68 38
7 47 78
7 126 53
7 49 68
7 28 63
7 41 66
7 59 55
7 96 80
7 112 41
7 16 91
7 137 93
7 8 84
7 62 50
7 50 86
7 127 79
7 57 98
7 97 23
7 13 35
7 30 54
7 98 30
7 17 79
7 128 11
7 64 54
7 46 33
7 82 36
7 142 87
7 119 59
7 141 12
7 78 34
7 61 26
7 11 51
7 72 32
7 118 52
7 34 63
7 130 13
7 116 14
7 86 83
7 71 20
7 100 57
7 111 69
7 12 28
7 24 18
7 121 23
7 38 25
7 56 41
7 102 40
7 135 63
7 99 50
7 101 74
7 22 37
7 132 45
7 21 61
7 19 29
7 150 79
7 145 93
7 134 44
7 14 42
7 70 72
7 108 95
7 131 55
8 84 78
8 134 85
8 136 24
8 37 86
8 72 89
8 101 15
8 83 57
8 99 64
8 24 81
8 86 67
8 105 51
8 65 37
8 61 87
8 40 29
8 26 88
8 85 75
8 82 54
8 135 66
8 81 98
8 95 34
8 56 73
8 11 26
8 87 30
8 122 72
8 55 39
8 103 35
8 19 63
8 117 48
8 31 27
8 139 87
8 32 58
8 58 24
8 124 37
8 39 31
8 22 33
8 14 54
8 76 41
8 66 97
8 29 96
8 52 44
8 20 26
8 45 82
8 114 100
8 100 49
8 74 51
8 54 39
8 43 52
8 80 100
8 96 91
8 107 79
8 42 34
8 137 75
8 12 84
8 44 95
8 90 96
8 46 18
8 126 18
8 15 66
8 91 20
8 48 89
8 148 60
8 116 76
8 47 56
8 70 87
8 57 45
8 147 92
8 128 32
8 25 13
8 119 83
8 112 76
9 14 49
9 42 87
9 50 46
9 147 57
9 148 20
9 126 60
9 85 81
9 45 85
9 124 91
9 43 85
9 103 51
9 16 100
9 12 47
9 70 21
9 109 33
9 139 36
9 20 67
9 95 69
9 65 100
9 17 52
9 134 51
9 88 55
9 110 29
9 96 37
9 31 79
9 22 19
9 40 87
9 64 14
9 86 33
9 123 39
9 94 20
9 111 40
9 93 29
9 87 48
9 10 80
9 129 44
9 66 86
9 99 52
9 140 87
9 56 55
9 121 33
9 37 63
9 47 68
9 73 48
9 46 62
9 81 94
9 69 45
9 39 84
9 107 95
9 61 76
9 49 56
9 48 72
9 79 89
9 145 26
9 113 18
9 77 92
9 53 87
9 90 98
9 127 81
9 25 71
9 146 98
9 104 71
9 101 60
9 125 30
9 52 15
9 62 69
9 67 68
9 15 49
9 71 76
9 44 45
9 68 60
10 110 25
10 77 60
10 128 26
10 30 37
10 28 55
10 144 31
10 82 93
10 54 88
10 95 92
10 18 32
10 25 81
10 11 31
10 137 49
10 36 19
10 14 62
10 79 88
10 112 62
10 65 40
10 70 46
10 129 43
10 150 98
10 35 73
10 29 87
10 64 20
10 66 89
10 108 45
10 84 32
10 139 64
10 76 26
10 90 85
10 109 61
10 138 55
10 33 80
10 87 96
10 34 50
10 44 46
10 72 11
10 134 100
10 83 76
10 73 33
10 15 44
10 17 80
10 105 63
10 89 27
10 81 52
10 94 38
10 71 94
10 119 36
10 42 47
10 107 85
10 146 79
10 98 72
10 130 32
10 12 64
10 19 14
10 56 56
10 135 42
10 122 12
10 75 30
10 115 82
10 55 45
10 39 86
11 144 14
11 81 42
11 77 78
11 101 18
11 76 100
11 96 96
11 138 75
11 50 40
11 78 68
11 80 71
11 49 39
11 48 13
11 37 42
11 132 53
11 99 21
11 79 55
11 108 93
11 14 45
11 146 94
11 71 32
11 93 67
11 105 89
11 60 19
11 57 33
11 18 42
11 38 42
11 118 95
11 133 75
11 116 69
11 129 33
11 139 56
11 91 89
11 36 17
11 75 32
11 63 58
11 84 15
11 121 39
11 19 60
11 100 56
11 92 79
11 83 59
11 30 65
11 111 17
11 67 55
11 68 56
11 28 38
11 107 21
11 103 86
11 69 22
11 33 52
11 87 37
11 85 18
11 46 35
11 112 13
11 127 92
11 95 77
11 34 98
11 141 59
11 125 60
11 131 84
11 26 79
11 43 29
11 94 38
11 134 99
11 64 11
11 13 68
12 66 33
12 64 94
12 20 54
12 124 98
12 40 57
12 14 39
12 29 56
12 115 98
12 142 95
12 94 73
12 80 91
12 93 14
12 147 69
12 87 25
12 25 56
12 71 39
12 105 72
12 75 78
12 81 97
12 39 82
12 143 38
12 118 95
12 123 23
12 44 42
12 139 28
12 30 79
12 32 31
12 145 32
12 85 81
12 33 98
12 110 16
12 98 94
12 108 68
12 45 45
12 129 41
12 114 19
12 31 66
12 128 28
12 89 25
12 133 52
12 136 87
12 72 62
12 117 59
12 65 12
12 121 50
12 122 97
12 51 82
12 52 65
12 146 92
12 125 60
12 107 44
12 150 88
12 36 24
12 86 77
12 127 78
13 29 64
13 72 14
13 57 99
13 100 22
13 42 34
13 47 32
13 130 44
13 92 80
13 61 63
13 21 43
13 62 46
13 40 59
13 65 81
13 103 42
13 81 65
13 89 80
13 147 83
13 26 55
13 121 12
13 30 49
13 119 85
13 82 25
13 32 18
13 59 76
13 128 58
13 133 32
13 35 58
13 58 42
13 46 75
13 102 37
13 50 76
13 45 39
13 63 81
13 53 37
13 122 40
13 77 93
13 56 51
13 69 16
13 112 23
13 39 26
13 16 91
13 85 92
13 142 78
13 18 67
13 120 52
13 80 29
13 93 38
13 17 43
13 136 19
13 132 24
13 79 65
13 67 85
13 71 77
14 77 12
14 34 31
14 129 63
14 43 80
14 124 55
14 147 72
14 25 76
14 92 46
14 109 10
14 103 69
14 88 68
14 123 19
14 48 75
14 19 67
14 142 94
14 105 50
14 38 22
14 144 38
14 24 74
14 141 36
14 118 63
14 26 17
14 42 23
14 145 97
14 96 65
14 51 44
14 32 68
14 136 39
14 84 80
14 40 69
14 29 22
14 78 72
14 95 49
14 70 79
14 71 48
14 45 47
14 114 55
14 60 16
14 128 13
14 133 37
14 59 59
14 64 69
14 131 50
14 149 22
14 135 39
14 56 36
14 83 61
14 52 38
14 80 80
14 37 34
14 15 60
14 87 24
14 27 15
14 57 22
14 65 12
14 74 61
14 117 15
14 138 64
14 91 10
14 102 66
14 30 56
14 150 83
14 107 100
14 127 76
14 18 94
14 58 49
15 144 72
15 128 84
15 37 58
15 73 26
15 41 80
15 56 39
15 22 33
15 110 55
15 46 36
15 16 31
15 71 53
15 80 75
15 82 20
15 119 44
15 149 98
15 32 67
15 84 63
15 120 93
15 134 64
15 132 58
15 101 99
15 44 100
15 20 29
15 42 24
15 21 93
15 140 18
15 45 47
15 123 80
15 40 74
15 23 43
15 99 91
15 60 35
15 17 43
15 74 23
15 145 31
15 133 89
15 117 28
15 50 86
15 150 43
15 30 26
15 18 29
15 118 29
15 85 64
15 147 78
15 115 38
15 52 77
15 43 51
15 24 86
15 34 84
15 81 26
15 106 10
15 131 48
15 36 73
15 51 92
15 67 71
15 72 82
15 54 47
15 63 30
15 33 18
15 130 61
15 135 14
15 125 57
15 76 34
15 138 23
15 113 40
15 141 25
15 122 56
15 95 29
16 114 85
16 108 84
16 96 59
16 35 24
16 100 46
16 58 51
16 53 11
16 143 44
16 20 32
16 37 59
16 68 33
16 80 72
16 99 59
16 77 92
16 24 39
16 112 11
16 104 45
16 132 60
16 147 37
16 34 85
16 141 51
16 115 38
16 17 91
16 111 93
16 33 21
16 28 70
16 98 94
16 48 27
16 138 59
16 27 54
16 122 63
16 23 64
16 78 75
16 63 14
16 86 27
16 31 80
16 32 70
16 42 100
16 94 26
16 22 22
16 107 82
16 88 12
16 131 43
16 127 65
16 43 10
16 126 85
16 119 44
16 116 30
16 136 93
16 70 75
16 145 16
16 29 69
16 124 67
16 102 83
16 64 17
16 61 59
16 65 12
16 66 93
16 95 36
16 79 14
16 149 26
17 62 89
17 80 34
17 74 65
17 123 60
17 139 40
17 60 59
17 32 20
17 122 64
17 95 54
17 108 96
17 125 95
17 64 78
17 27 99
17 51 43
17 63 78
17 77 56
17 142 80
17 30 88
17 91 96
17 149 25
17 29 25
17 102 50
17 56 63
17 117 26
17 71 37
17 128 86
17 78 74
17 87 54
17 61 19
17 106 99
17 146 61
17 45 99
17 120 66
17 84 42
17 134 28
17 59 29
17 115 24
17 96 14
17 118 63
17 73 12
17 79 51
17 34 13
17 69 97
17 22 56
17 39 89
17 46 37
17 24 30
17 103 79
17 99 11
17 40 93
17 133 47
17 28 42
17 113 92
17 67 68
17 20 100
17 148 75
17 140 64
17 114 99
17 31 65
17 94 73
17 53 78
17 89 55
17 33 51
18 110 77
18 34 21
18 77 88
18 146 19
18 76 70
18 125 76
18 63 42
18 128 76
18 23 61
18 53 56
18 69 41
18 81 39
18 124 38
18 66 69
18 31 95
18 74 23
18 135 94
18 51 18
18 22 31
18 35 98
18 127 26
18 132 18
18 44 95
18 82 25
18 100 38
18 20 53
18 95 20
18 109 91
18 130 72
18 105 78
18 138 28
18 33 50
18 112 10
18 90 65
18 144 19
18 21 97
18 85 13
18 40 91
18 75 86
18 136 79
18 104 23
18 88 10
18 80 11
18 36 33
18 115 97
18 24 39
18 57 70
18 55 74
18 59 67
18 133 91
18 70 43
18 41 62
18 96 56
18 101 23
18 102 27
18 58 63
18 47 56
18 108 46
18 26 13
18 38 34
18 52 55
18 98 37
18 121 92
19 59 95
19 107 55
19 144 79
19 81 80
19 63 86
19 82 38
19 30 11
19 26 12
19 91 35
19 76 31
19 43 41
19 130 25
19 125 91
19 46 21
19 87 55
19 53 26
19 58 66
19 131 100
19 88 78
19 119 47
19 100 96
19 39 79
19 69 67
19 73 84
19 123 86
19 42 47
19 128 20
19 20 100
19 146 17
19 137 88
19 118 79
19 60 12
19 90 14
19 120 69
19 148 61
19 67 21
19 22 98
19 34 31
19 66 32
19 65 75
19 35 53
19 134 88
19 114 23
19 33 34
19 111 87
19 25 11
19 48 28
19 104 74
19 113 57
19 83 39
19 49 47
19 29 17
19 145 90
19 51 64
19 149 46
19 72 37
19 56 82
19 75 51
19 143 92
19 86 51
19 44 34
19 55 83
19 115 31
19 64 89
19 117 100
19 45 87
19 41 92
19 79 49
19 31 23
20 64 51
20 148 57
20 34 96
20 113 24
20 79 26
20 128 51
20 104 12
20 29 84
20 91 85
20 87 83
20 59 82
20 65 73
20 40 99
20 112 17
20 72 58
20 25 14
20 39 35
20 28 39
20 26 69
20 31 25
20 83 94
20 54 13
20 142 17
20 38 52
20 27 83
20 145 64
20 144 57
20 43 98
20 78 32
20 55 36
20 147 52
20 132 22
20 44 31
20 109 32
20 81 29
20 116 12
20 30 82
20 71 70
20 110 28
20 129 28
20 85 64
20 73 21
20 127 86
20 98 68
20 103 98
20 119 22
20 105 23
20 130 59
20 131 26
20 37 93
20 108 33
20 90 100
20 53 79
20 101 49
20 74 73
20 94 51
20 60 89
20 123 78
20 42 69
20 52 56
20 23 80
20 49 56
20 107 77
20 92 40
21 63 23
21 115 28
21 54 16
21 71 65
21 77 16
21 135 28
21 31 83
21 89 48
21 47 86
21 144 25
21 24 33
21 22 60
21 81 91
21 43 33
21 141 64
21 46 61
21 27 71
21 65 27
21 124 95
21 127 78
21 102 38
21 86 37
21 107 12
21 66 68
21 58 85
21 62 85
21 101 94
21 83 37
21 67 44
21 103 69
21 53 52
21 110 88
21 64 41
21 130 19
21 37 24
21 35 98
21 30 60
21 29 92
21 44 48
21 100 30
21 40 59
21 57 18
21 111 60
21 55 14
21 97 86
21 61 83
21 98 85
21 73 75
21 122 17
21 26 28
21 128 15
21 123 73
21 70 96
21 125 40
21 108 13
21 41 69
21 85 69
21 104 71
21 146 95
21 59 43
21 113 59
22 32 27
22 70 13
22 58 25
22 51 87
22 89 57
22 142 35
22 88 33
22 49 54
22 150 78
22 100 77
22 131 64
22 61 68
22 90 51
22 98 51
22 39 31
22 59 92
22 106 56
22 77 56
22 43 46
22 137 74
22 113 17
22 54 31
22 38 49
22 130 84
22 92 68
22 83 37
22 34 88
22 52 70
22 81 41
22 37 30
22 78 86
22 36 95
22 128 76
22 72 80
22 31 68
22 126 15
22 57 28
22 141 45
22 123 58
22 138 42
22 149 71
22 93 18
22 109 77
22 122 22
22 102 99
22 79 92
22 103 31
22 144 45
22 42 89
22 99 88
22 129 77
22 80 25
22 124 43
22 56 93
22 115 43
22 143 10
22 134 82
22 146 83
22 44 85
22 101 16
22 33 88
22 65 50
22 104 23
22 87 47
22 114 85
22 29 19
23 79 84
23 44 98
23 76 71
23 127 95
23 62 85
23 50 32
23 95 29
23 96 66
23 68 44
23 115 37
23 70 51
23 49 55
23 88 12
23 111 47
23 128 17
23 29 12
23 109 94
23 56 59
23 130 21
23 120 14
23 117 13
23 71 20
23 126 52
23 61 38
23 136 61
23 113 38
23 43 80
23 60 68
23 54 54
23 42 81
23 103 46
23 48 45
23 33 48
23 107 40
23 112 33
23 51 58
23 69 28
23 82 28
23 142 78
23 84 25
23 92 87
23 31 64
23 143 98
23 65 11
23 123 96
23 99 54
23 119 38
23 41 70
23 100 58
23 94 13
23 59 36
23 144 93
23 131 85
23 124 91
23 83 29
23 147 62
23 129 43
23 81 82
23 98 73
23 78 58
24 45 67
24 147 68
24 42 41
24 79 89
24 60 15
24 62 45
24 131 20
24 117 52
24 39 79
24 118 74
24 53 55
24 33 32
24 85 46
24 97 51
24 89 42
24 30 34
24 37 71
24 84 72
24 93 68
24 73 88
24 66 99
24 65 43
24 63 96
24 69 18
24 71 59
24 54 38
24 105 41
24 144 56
24 83 51
24 72 35
24 43 51
24 87 96
24 136 73
24 121 19
24 34 55
24 38 14
24 51 19
24 94 36
24 123 16
24 98 43
24 135 46
24 99 12
24 139 97
24 48 72
24 95 83
24 101 66
24 113 19
24 143 12
24 67 47
24 128 86
24 82 42
24 52 89
24 35 16
24 59 96
24 32 29
24 68 36
24 91 72
24 122 61
25 110 97
25 66 97
25 76 90
25 106 13
25 95 53
25 123 95
25 138 39
25 68 23
25 83 33
25 30 57
25 126 42
25 139 55
25 40 49
25 135 85
25 101 16
25 108 95
25 35 73
25 137 64
25 107 64
25 80 49
25 34 95
25 122 74
25 113 70
25 105 16
25 57 83
25 90 84
25 69 20
25 33 58
25 96 94
25 64 100
25 109 78
25 144 27
25 116 75
25 99 34
25 98 98
25 145 36
25 78 49
25 79 67
25 92 60
25 28 20
25 54 50
25 82 77
25 132 41
25 104 30
25 97 69
25 84 15
25 141 47
25 117 62
25 61 49
25 74 59
25 149 72
25 148 41
25 49 19
25 131 84
26 41 20
26 51 27
26 95 90
26 137 35
26 135 68
26 146 72
26 80 23
26 81 52
26 70 19
26 138 59
26 122 80
26 45 70
26 126 42
26 93 72
26 100 76
26 104 93
26 69 71
26 36 83
26 35 68
26 54 16
26 130 70
26 92 77
26 98 90
26 86 69
26 50 90
26 97 37
26 31 82
26 105 24
26 67 13
26 73 91
26 38 61
26 47 95
26 118 71
26 77 28
26 128 83
26 103 48
26 43 12
26 143 27
26 149 72
26 89 76
26 96 100
26 27 93
26 62 60
26 76 26
26 79 56
26 52 25
26 140 26
26 48 63
26 53 96
26 124 13
26 102 18
26 49 78
26 106 22
26 55 13
26 42 55
26 116 10
26 144 78
26 111 39
26 66 69
27 112 70
27 116 31
27 41 26
27 53 53
27 118 76
27 96 58
27 135 11
27 137 64
27 66 72
27 138 60
27 60 77
27 73 39
27 108 76
27 117 90
27 131 80
27 84 31
27 120 51
27 90 47
27 83 36
27 69 19
27 29 44
27 65 53
27 97 71
27 50 51
27 51 94
27 123 56
27 68 39
27 55 20
27 106 66
27 124 85
27 61 11
27 127 54
27 122 52
27 142 13
27 43 91
27 110 21
27 141 49
27 102 91
27 132 11
27 56 13
27 114 80
27 147 22
27 121 34
27 44 15
27 33 88
27 140 100
27 67 72
27 49 19
27 111 30
27 143 84
27 91 45
27 89 98
27 93 60
27 150 71
27 107 28
27 99 30
27 113 13
27 149 48
28 51 27
28 99 40
28 62 66
28 30 23
28 94 44
28 40 32
28 74 15
28 43 82
28 35 83
28 149 68
28 137 88
28 64 42
28 38 45
28 53 31
28 148 99
28 88 36
28 80 65
28 115 60
28 56 22
28 98 77
28 145 69
28 33 70
28 49 60
28 61 36
28 143 79
28 127 33
28 105 79
28 54 17
28 111 40
28 92 54
28 72 52
28 44 15
28 65 68
28 89 41
28 138 39
28 68 50
28 97 21
28 121 61
28 118 47
28 103 36
28 90 90
28 52 54
28 106 40
28 112 33
28 84 80
28 47 10
28 41 96
28 66 34
28 81 94
28 142 52
28 32 73
28 45 15
28 78 57
28 140 20
28 133 93
28 69 32
28 70 18
28 110 88
28 126 80
28 86 12
28 114 17
28 42 43
29 71 28
29 118 78
29 135 34
29 60 44
29 81 54
29 38 71
29 57 10
29 129 12
29 41 14
29 37 70
29 54 68
29 142 58
29 116 84
29 140 76
29 74 70
29 30 74
29 70 44
29 95 14
29 119 96
29 96 83
29 89 32
29 102 18
29 78 77
29 109 75
29 49 81
29 67 26
29 50 67
29 44 27
29 61 26
29 39 10
29 83 93
29 68 52
29 100 76
29 98 40
29 34 32
29 149 41
29 53 39
29 132 68
29 48 64
29 130 75
29 58 31
29 123 10
29 99 60
29 133 18
29 75 83
29 35 38
29 46 49
29 51 61
29 136 12
29 106 25
29 91 34
29 120 64
29 101 29
30 79 70
30 143 10
30 94 46
30 39 59
30 140 90
30 124 76
30 46 44
30 116 67
30 132 34
30 76 40
30 57 13
30 119 18
30 64 24
30 54 61
30 127 59
30 117 53
30 42 84
30 60 47
30 136 57
30 137 45
30 121 89
30 86 100
30 145 11
30 133 47
30 52 94
30 59 95
30 31 23
30 48 24
30 65 26
30 74 80
30 73 21
30 89 94
30 135 92
30 67 29
30 81 40
30 69 57
30 130 90
30 142 92
30 138 64
30 93 97
30 115 39
30 107 71
30 105 28
30 100 75
30 125 17
30 104 60
30 108 12
30 58 59
30 103 61
30 141 84
30 72 98
30 123 71
30 122 64
31 42 88
31 45 35
31 115 43
31 142 25
31 87 50
31 76 28
31 69 33
31 68 77
31 126 86
31 99 59
31 61 98
31 63 12
31 149 77
31 77 67
31 147 100
31 79 23
31 110 91
31 40 55
31 118 63
31 44 20
31 134 12
31 143 98
31 55 27
31 48 42
31 37 81
31 90 69
31 102 14
31 56 28
31 47 53
31 64 90
31 71 16
31 121 63
31 82 68
31 41 47
31 122 15
31 74 85
31 70 84
31 80 54
31 54 63
31 124 73
31 86 82
31 114 10
31 67 87
31 34 34
31 150 18
31 33 73
31 145 94
31 140 100
31 85 93
31 128 10
31 112 65
31 81 21
31 59 82
31 72 31
31 49 22
31 93 86
31 88 62
31 66 44
32 119 10
32 61 56
32 150 47
32 98 31
32 101 100
32 75 35
32 34 47
32 89 32
32 104 66
32 82 47
32 140 15
32 45 12
32 96 100
32 48 83
32 122 51
32 49 57
32 66 63
32 53 33
32 132 38
32 105 100
32 38 72
32 121 35
32 51 15
32 64 99
32 59 47
32 99 95
32 69 72
32 136 15
32 116 77
32 112 95
32 144 50
32 85 79
32 145 94
32 79 21
32 125 58
32 143 66
32 39 83
32 131 34
32 55 77
32 100 25
32 135 18
32 46 11
32 147 64
32 37 62
32 67 41
32 124 26
32 47 37
32 68 91
32 108 34
32 54 80
32 127 30
32 86 60
32 63 34
32 111 58
32 60 63
32 115 53
32 73 88
32 110 38
33 54 51
33 35 83
33 102 79
33 114 62
33 139 26
33 140 21
33 85 89
33 56 98
33 72 54
33 82 95
33 142 20
33 105 23
33 74 93
33 47 75
33 131 56
33 84 80
33 128 33
33 63 73
33 99 84
33 126 52
33 36 33
33 87 54
33 45 19
33 60 44
33 125 31
33 52 88
33 133 24
33 138 30
33 65 87
33 112 34
33 146 39
33 71 31
33 75 56
33 132 53
33 55 55
33 53 53
33 58 91
33 77 73
33 121 92
33 46 20
33 106 89
33 124 18
33 34 62
33 70 57
33 94 74
33 92 85
33 69 40
33 42 12
33 127 44
33 95 29
33 107 59
33 40 81
33 48 77
33 64 44
33 149 74
33 61 11
34 138 63
34 59 88
34 140 95
34 105 81
34 111 79
34 81 72
34 103 28
34 57 84
34 112 57
34 83 80
34 100 89
34 116 35
34 68 35
34 86 26
34 66 13
34 146 96
34 77 90
34 88 82
34 80 83
34 110 71
34 55 22
34 61 21
34 108 40
34 58 82
34 52 28
34 35 36
34 42 97
34 84 39
34 36 97
34 64 10
34 144 16
34 117 24
34 135 85
34 44 25
34 142 81
34 98 36
34 131 54
34 85 76
34 148 74
34 71 32
34 122 20
34 60 29
34 141 26
34 96 79
34 51 28
34 53 10
34 39 97
34 65 30
34 73 39
34 90 79
34 48 82
34 150 39
34 120 99
34 137 47
34 62 23
34 102 42
34 145 42
35 68 95
35 55 79
35 133 58
35 63 70
35 118 86
35 70 93
35 91 74
35 41 57
35 100 16
35 51 98
35 38 50
35 140 31
35 120 88
35 71 74
35 144 78
35 141 17
35 147 71
35 121 38
35 56 84
35 130 83
35 76 21
35 52 27
35 113 93
35 72 82
35 119 44
35 116 17
35 136 50
35 109 13
35 95 44
35 134 67
35 126 86
35 97 31
35 37 28
35 61 53
35 69 18
35 148 59
35 49 50
35 137 92
35 64 52
35 87 68
35 93 17
35 149 26
35 123 40
35 66 94
35 80 95
35 98 50
35 101 92
35 82 25
35 81 86
35 58 30
35 88 32
35 92 64
35 107 53
35 62 40
36 59 48
36 41 82
36 118 53
36 63 43
36 130 83
36 76 92
36 120 94
36 49 76
36 56 15
36 111 54
36 78 60
36 51 26
36 84 62
36 137 63
36 135 95
36 68 19
36 115 30
36 140 37
36 106 62
36 147 45
36 107 66
36 126 47
36 82 56
36 81 23
36 134 82
36 88 74
36 42 25
36 79 36
36 128 59
36 70 99
36 58 32
36 60 33
36 139 55
36 148 43
36 48 22
36 104 34
36 83 43
36 145 37
36 89 87
36 136 100
36 127 23
36 92 44
36 119 43
36 132 95
36 37 87
36 121 87
36 39 38
37 103 31
37 75 85
37 56 81
37 136 74
37 142 63
37 97 89
37 54 35
37 115 41
37 121 47
37 131 62
37 146 70
37 95 83
37 89 33
37 100 28
37 149 63
37 40 88
37 102 87
37 76 53
37 98 73
37 38 72
37 43 78
37 129 57
37 128 56
37 62 26
37 147 68
37 117 41
37 50 94
37 48 30
37 150 65
37 52 21
37 85 93
37 47 30
37 66 87
37 64 84
37 91 85
37 88 67
37 60 14
37 41 48
37 57 84
37 113 63
37 137 46
37 94 45
37 70 22
37 61 17
37 144 67
37 138 67
37 49 77
37 109 76
37 68 39
37 135 46
37 90 80
38 98 89
38 100 43
38 109 30
38 126 18
38 96 28
38 47 91
38 67 53
38 90 64
38 62 39
38 88 51
38 108 47
38 149 42
38 84 45
38 99 56
38 119 64
38 52 12
38 73 55
38 143 33
38 105 73
38 57 21
38 71 59
38 147 68
38 76 41
38 46 27
38 145 68
38 43 95
38 74 51
38 79 18
38 121 41
38 89 98
38 102 26
38 120 10
38 146 26
38 63 74
38 127 61
38 85 70
38 138 80
38 44 31
38 123 65
38 77 49
38 144 67
38 86 90
38 134 59
38 68 72
38 115 80
38 54 90
38 139 30
38 55 94
38 69 26
38 124 73
38 112 31
38 53 92
38 150 96
38 111 51
38 51 85
38 75 90
39 68 10
39 69 68
39 44 42
39 43 80
39 59 56
39 119 80
39 76 13
39 89 84
39 144 69
39 79 99
39 92 76
39 140 77
39 97 51
39 124 27
39 42 46
39 84 91
39 94 12
39 111 68
39 104 97
39 125 83
39 51 35
39 49 33
39 143 39
39 61 57
39 91 61
39 131 92
39 114 85
39 67 66
39 123 90
39 145 25
39 149 81
39 40 46
39 110 99
39 82 96
39 112 23
39 103 72
39 87 94
39 100 10
39 93 40
39 56 19
39 73 66
39 58 62
39 132 90
39 60 99
39 80 60
39 78 64
39 50 100
39 70 42
39 117 26
39 142 18
39 118 90
39 72 41
39 115 58
39 121 85
39 122 24
40 72 85
40 116 45
40 67 21
40 66 49
40 113 89
40 106 17
40 48 63
40 130 45
40 86 92
40 128 92
40 112 30
40 78 11
40 125 65
40 92 76
40 57 64
40 81 57
40 88 53
40 134 72
40 131 49
40 89 68
40 107 72
40 85 74
40 148 86
40 150 89
40 115 27
40 94 15
40 136 28
40 70 71
40 126 98
40 143 96
40 69 27
40 120 82
40 146 94
40 124 34
40 135 28
40 71 32
40 119 82
40 122 94
40 49 39
40 65 41
40 52 92
40 56 95
40 44 93
40 118 30
40 114 78
40 76 53
40 140 69
40 149 97
40 123 80
40 42 63
41 43 39
41 134 80
41 119 92
41 85 12
41 47 78
41 96 44
41 124 76
41 88 43
41 139 83
41 149 21
41 63 28
41 127 80
41 109 62
41 135 60
41 69 45
41 107 77
41 81 39
41 110 95
41 77 30
41 113 81
41 44 12
41 78 11
41 45 57
41 55 93
41 122 54
41 104 58
41 126 24
41 129 23
41 73 16
41 65 44
41 60 88
41 150 95
41 64 100
41 102 75
41 111 66
41 145 93
41 59 64
41 93 83
41 48 95
41 130 57
41 62 11
41 89 91
41 105 82
41 61 95
41 76 98
41 52 58
41 70 32
41 83 24
41 91 36
41 108 51
41 142 15
42 47 44
42 90 42
42 60 35
42 83 60
42 114 56
42 124 68
42 101 84
42 123 40
42 111 50
42 64 87
42 59 12
42 136 74
42 105 18
42 71 13
42 146 40
42 140 98
42 149 80
42 97 16
42 70 20
42 86 12
42 68 19
42 121 72
42 127 34
42 94 59
42 67 26
42 62 60
42 126 31
42 122 60
42 107 39
42 77 55
42 78 87
42 119 11
42 76 96
42 57 66
42 120 16
42 99 93
42 44 78
42 130 73
42 74 72
42 53 90
42 125 72
42 85 47
42 51 75
42 113 24
42 112 43
42 134 29
42 79 49
42 145 26
42 88 10
42 82 14
42 46 33
42 110 87
42 100 13
43 100 26
43 81 33
43 69 67
43 64 81
43 146 22
43 84 32
43 52 24
43 93 93
43 73 81
43 68 29
43 70 50
43 116 65
43 113 92
43 137 56
43 147 40
43 54 47
43 135 24
43 114 61
43 91 39
43 124 71
43 61 98
43 130 51
43 97 61
43 44 79
43 50 85
43 51 73
43 128 83
43 47 33
43 65 80
43 89 80
43 76 35
43 134 22
43 127 67
43 77 55
43 139 77
43 83 23
43 102 48
43 60 96
43 105 63
43 123 77
43 59 93
43 56 52
43 86 83
43 90 57
43 112 97
43 72 18
43 45 61
44 120 78
44 115 36
44 78 22
44 103 88
44 56 65
44 87 51
44 130 22
44 109 15
44 53 49
44 92 71
44 127 66
44 119 54
44 104 41
44 70 84
44 66 25
44 147 48
44 72 11
44 82 37
44 84 97
44 79 54
44 71 20
44 81 37
44 100 65
44 118 65
44 50 64
44 91 18
44 117 33
44 142 77
44 132 34
44 108 36
44 143 55
44 97 20
44 136 20
44 138 24
44 47 77
44 88 54
44 101 39
44 52 76
44 105 58
44 51 20
44 59 87
44 148 37
44 85 66
44 134 18
44 67 27
44 106 70
44 135 93
44 129 60
45 136 98
45 103 98
45 142 93
45 49 31
45 85 74
45 132 86
45 71 13
45 82 56
45 90 58
45 83 84
45 69 100
45 108 68
45 94 12
45 67 24
45 96 78
45 89 29
45 140 16
45 87 40
45 62 89
45 122 99
45 119 78
45 114 50
45 104 26
45 116 97
45 125 28
45 101 96
45 144 28
45 73 43
45 97 28
45 93 78
45 110 90
45 137 94
45 54 47
45 141 89
45 138 85
45 117 30
45 149 60
45 80 36
45 64 19
45 130 97
45 111 78
45 135 23
45 92 72
45 72 47
45 121 98
46 49 59
46 140 25
46 102 28
46 145 60
46 77 49
46 79 44
46 93 60
46 85 21
46 55 70
46 125 93
46 48 32
46 131 98
46 115 35
46 95 39
46 107 23
46 54 55
46 139 24
46 73 23
46 136 86
46 117 20
46 96 56
46 53 51
46 64 52
46 108 28
46 109 89
46 142 40
46 134 21
46 150 34
46 128 57
46 141 61
46 63 14
46 114 52
46 101 36
46 144 65
46 149 79
46 51 85
46 69 75
46 122 57
46 99 37
47 79 18
47 96 93
47 76 14
47 141 21
47 127 30
47 77 55
47 49 55
47 71 50
47 53 59
47 150 73
47 94 81
47 110 87
47 57 73
47 122 25
47 140 29
47 58 17
47 126 36
47 74 58
47 64 24
47 84 46
47 55 40
47 61 99
47 95 28
47 100 74
47 149 87
47 54 86
47 115 72
47 50 92
47 52 57
47 86 57
47 83 57
47 146 24
47 135 47
47 88 42
47 130 71
47 75 56
47 116 17
47 65 36
47 66 94
47 105 93
47 128 11
47 136 31
47 106 62
47 118 38
47 113 27
47 104 76
47 131 43
47 87 99
47 48 90
47 101 17
47 73 68
47 51 12
47 124 45
48 112 65
48 132 61
48 128 83
48 149 73
48 138 37
48 68 60
48 118 80
48 56 25
48 92 71
48 130 70
48 144 10
48 108 76
48 146 39
48 136 67
48 99 67
48 91 73
48 94 72
48 140 66
48 129 19
48 76 23
48 116 74
48 106 64
48 113 88
48 121 30
48 139 45
48 110 18
48 62 54
48 90 99
48 73 50
48 120 71
48 60 87
48 59 32
48 78 42
48 50 95
48 79 49
48 119 84
48 131 44
48 145 62
48 135 98
48 69 68
48 93 12
48 82 32
48 107 46
48 61 71
48 83 35
48 117 27
48 148 42
49 132 99
49 105 90
49 134 35
49 130 50
49 84 77
49 96 15
49 136 99
49 128 60
49 57 33
49 127 70
49 62 27
49 90 48
49 116 13
49 147 73
49 72 52
49 126 43
49 135 22
49 114 73
49 64 59
49 53 97
49 54 17
49 61 29
49 109 12
49 78 37
49 73 88
49 94 92
49 56 98
49 75 34
49 129 98
49 60 78
49 82 28
49 51 41
49 122 60
49 123 14
49 93 84
49 118 91
49 83 22
49 99 85
49 52 97
49 95 41
49 104 80
49 87 71
49 142 78
49 86 44
49 68 68
49 81 30
49 80 25
49 71 15
50 125 62
50 110 28
50 146 96
50 83 32
50 78 69
50 111 70
50 66 12
50 95 29
50 103 62
50 147 59
50 133 35
50 109 93
50 131 21
50 106 59
50 70 70
50 141 100
50 121 10
50 126 92
50 59 67
50 84 28
50 73 83
50 144 36
50 134 38
50 127 17
50 102 63
50 54 68
50 115 14
50 79 61
50 69 90
50 56 82
50 108 18
50 136 33
50 124 87
50 96 83
50 123 86
50 92 66
50 101 93
50 105 85
50 76 50
50 142 66
50 139 66
50 93 88
50 63 47
50 53 45
50 119 48
50 140 55
50 82 89
50 57 83
50 149 21
50 80 60
51 99 28
51 58 97
51 67 71
51 97 91
51 128 100
51 95 79
51 93 10
51 57 10
51 133 49
51 100 55
51 122 83
51 74 28
51 92 84
51 134 35
51 125 10
51 139 19
51 102 81
51 105 68
51 68 85
51 52 82
51 113 61
51 64 15
51 54 56
51 56 67
51 76 97
51 104 37
51 109 37
51 83 41
51 85 58
51 78 97
51 123 40
51 142 98
51 59 13
51 80 15
51 72 97
51 150 10
51 70 93
51 149 93
51 126 78
51 101 13
51 146 48
51 108 15
51 135 71
51 79 35
52 106 78
52 116 63
52 112 46
52 86 24
52 123 95
52 131 17
52 93 19
52 66 79
52 140 30
52 130 11
52 89 90
52 101 95
52 61 46
52 104 35
52 70 81
52 72 12
52 92 98
52 99 61
52 90 57
52 88 66
52 76 98
52 102 39
52 134 17
52 142 68
52 147 30
52 64 96
52 63 52
52 69 27
52 57 62
52 65 94
52 109 74
52 68 93
52 82 57
52 148 37
52 144 100
52 137 42
52 141 84
52 75 96
52 113 24
52 120 59
52 129 21
52 67 39
52 78 14
52 107 47
52 85 87
52 133 38
53 99 79
53 104 54
53 144 74
53 69 62
53 79 19
53 136 34
53 125 77
53 122 19
53 108 24
53 54 100
53 134 36
53 60 66
53 110 91
53 120 60
53 84 40
53 114 12
53 80 20
53 93 44
53 149 69
53 96 73
53 74 34
53 95 23
53 75 43
53 143 67
53 101 66
53 127 64
53 132 20
53 106 28
53 97 96
53 109 84
53 135 52
53 85 28
53 117 36
53 139 51
53 68 15
53 146 10
53 137 52
53 129 62
53 148 53
53 94 68
53 138 49
53 72 60
53 90 39
54 57 91
54 79 51
54 93 75
54 110 81
54 140 74
54 132 26
54 127 90
54 80 34
54 141 20
54 78 18
54 109 94
54 58 97
54 147 74
54 129 12
54 92 71
54 142 78
54 99 95
54 97 26
54 95 56
54 136 93
54 69 49
54 103 76
54 148 35
54 101 32
54 84 95
54 89 48
54 122 16
54 125 37
54 128 27
54 121 45
54 88 28
54 94 31
54 149 35
54 83 72
54 146 44
54 134 70
54 74 23
54 66 20
54 82 74
54 70 25
54 124 79
54 73 76
54 139 32
54 116 93
54 77 38
55 68 58
55 96 25
55 77 58
55 95 28
55 125 62
55 72 71
55 91 42
55 63 32
55 76 52
55 85 67
55 104 77
55 121 22
55 127 93
55 65 51
55 88 93
55 93 37
55 140 44
55 101 16
55 133 23
55 146 60
55 148 26
55 116 40
55 108 64
55 74 41
55 84 73
55 129 90
55 139 94
55 142 84
55 134 61
55 56 43
55 128 38
55 64 54
55 94 24
55 81 96
55 105 76
55 130 53
55 149 43
55 131 19
55 138 75
55 107 77
55 113 36
55 123 24
55 69 19
55 98 33
55 78 22
56 95 24
56 146 86
56 57 48
56 124 81
56 94 10
56 88 63
56 133 48
56 85 63
56 63 68
56 105 81
56 59 25
56 77 19
56 100 65
56 109 85
56 78 81
56 97 64
56 96 19
56 79 62
56 144 41
56 114 96
56 92 50
56 110 50
56 131 74
56 62 17
56 111 100
56 132 30
56 123 58
56 86 55
56 58 88
56 64 15
56 120 38
56 119 30
56 70 41
56 103 40
56 76 79
56 84 70
56 122 95
56 118 95
56 112 53
57 73 24
57 72 36
57 105 95
57 118 78
57 150 29
57 114 89
57 71 94
57 63 17
57 74 89
57 132 12
57 68 35
57 80 23
57 111 96
57 65 72
57 98 55
57 130 72
57 101 67
57 147 21
57 113 66
57 90 32
57 126 69
57 70 13
57 97 86
57 76 24
57 69 72
57 145 52
57 148 16
57 134 73
57 88 57
57 84 53
57 128 21
57 60 74
57 86 64
57 136 10
57 140 100
57 108 83
57 107 50
57 100 77
57 75 87
57 83 83
57 144 39
57 102 63
57 110 64
58 91 24
58 86 64
58 107 82
58 117 52
58 142 80
58 122 69
58 99 38
58 80 22
58 121 89
58 109 17
58 75 45
58 97 42
58 84 40
58 102 92
58 149 80
58 139 78
58 87 63
58 89 43
58 101 90
58 67 80
58 147 54
58 138 98
58 110 89
58 62 13
58 115 12
58 69 20
58 94 36
58 90 94
58 66 74
58 100 29
58 61 59
58 123 67
58 140 61
58 145 90
58 106 40
58 112 53
58 63 48
58 81 26
58 108 18
58 60 13
58 88 46
58 129 49
58 74 58
58 64 64
58 148 85
58 137 75
58 103 71
58 134 97
58 83 78
58 136 89
58 116 45
59 93 60
59 78 46
59 79 85
59 138 85
59 118 74
59 109 96
59 86 68
59 113 22
59 99 92
59 107 18
59 124 28
59 144 68
59 100 62
59 71 20
59 70 72
59 123 94
59 131 83
59 130 33
59 126 50
59 103 73
59 145 45
59 96 49
59 149 34
59 73 24
59 68 12
59 87 45
59 119 46
59 98 94
59 97 68
59 125 31
59 104 15
59 82 98
59 140 11
59 150 29
59 89 48
59 63 42
59 120 48
59 115 55
59 72 31
59 111 44
59 110 31
59 148 74
59 88 28
60 78 95
60 93 29
60 107 53
60 116 47
60 105 84
60 109 61
60 70 24
60 115 98
60 119 14
60 141 79
60 150 63
60 64 79
60 89 30
60 90 11
60 145 37
60 74 68
60 112 57
60 87 97
60 92 14
60 139 90
60 67 75
60 86 30
60 113 23
60 69 46
60 77 98
60 114 12
60 79 35
60 61 88
60 138 58
60 130 22
60 95 47
60 118 98
60 131 61
60 84 94
60 120 43
60 127 34
60 123 37
60 71 52
60 122 47
60 136 55
60 100 51
61 131 25
61 120 72
61 97 89
61 138 59
61 88 45
61 68 54
61 116 39
61 106 28
61 115 49
61 80 17
61 109 74
61 71 63
61 130 42
61 67 18
61 90 22
61 143 44
61 147 67
61 92 64
61 79 83
61 94 29
61 104 65
61 114 94
61 93 83
61 113 19
61 66 32
61 103 57
61 129 54
61 112 39
61 142 12
61 78 74
61 141 82
61 118 22
61 62 35
61 137 41
61 87 71
61 70 17
61 135 40
61 150 84
61 145 64
61 73 54
61 136 54
61 148 74
62 129 24
62 130 52
62 99 58
62 121 46
62 73 15
62 77 47
62 85 45
62 88 49
62 63 20
62 81 80
62 64 84
62 125 99
62 119 46
62 98 60
62 66 94
62 76 72
62 141 44
62 126 30
62 78 85
62 144 90
62 111 70
62 83 63
62 131 68
62 100 75
62 116 54
62 97 92
62 108 94
62 146 56
62 91 68
62 74 25
62 103 53
62 140 56
62 143 32
62 115 95
62 134 67
62 93 96
62 114 15
62 123 31
62 69 99
62 139 89
63 79 23
63 87 20
63 121 69
63 80 90
63 64 12
63 107 35
63 144 95
63 115 40
63 142 98
63 116 56
63 119 99
63 88 53
63 102 96
63 84 56
63 110 64
63 76 81
63 74 15
63 69 87
63 114 94
63 147 20
63 96 59
63 150 83
63 128 78
63 67 12
63 112 76
63 104 32
63 117 64
63 71 23
63 141 49
63 130 95
63 140 84
63 85 14
63 118 72
63 70 24
63 134 41
63 132 87
63 97 27
63 81 48
64 118 76
64 140 28
64 127 98
64 131 71
64 92 35
64 97 81
64 96 17
64 95 41
64 135 85
64 103 14
64 119 17
64 91 11
64 105 42
64 114 38
64 93 48
64 126 75
64 120 59
64 136 54
64 122 71
64 90 43
64 66 89
64 73 46
64 124 64
64 116 64
64 87 85
64 67 63
64 134 27
64 74 44
64 138 12
64 123 36
64 65 61
64 100 97
64 109 30
64 150 93
64 129 21
65 120 74
65 87 56
65 145 100
65 88 77
65 109 66
65 126 12
65 101 34
65 79 45
65 134 67
65 85 96
65 148 23
65 139 11
65 116 78
65 117 81
65 100 80
65 132 20
65 133 45
65 141 71
65 123 44
65 118 100
65 73 18
65 138 18
65 86 16
65 80 42
65 113 15
65 96 45
65 130 66
65 107 46
65 144 81
65 131 82
65 136 16
65 74 43
65 140 23
65 128 33
66 91 92
66 82 97
66 116 99
66 90 62
66 107 37
66 108 53
66 70 100
66 125 74
66 84 15
66 112 25
66 136 66
66 124 11
66 132 38
66 79 11
66 105 50
66 140 10
66 131 45
66 139 43
66 142 40
66 118 14
66 85 14
66 77 66
66 122 79
66 147 39
66 67 82
66 102 17
66 149 64
66 71 85
66 98 65
66 113 84
66 87 53
66 83 73
66 134 23
66 123 70
66 146 91
66 111 94
66 126 64
67 142 75
67 133 82
67 115 22
67 137 84
67 143 76
67 105 41
67 68 86
67 114 44
67 107 99
67 131 18
67 111 36
67 72 84
67 121 53
67 130 79
67 78 52
67 119 94
67 102 27
67 75 35
67 134 29
67 91 63
67 116 94
67 141 97
67 85 75
67 117 47
67 146 15
67 120 92
67 106 14
67 93 24
67 124 75
67 92 10
67 83 79
67 123 21
67 87 86
67 96 18
67 101 11
67 144 24
67 145 57
67 122 24
67 147 19
68 106 69
68 122 100
68 97 52
68 72 62
68 131 81
68 69 57
68 111 85
68 149 71
68 140 85
68 88 56
68 93 71
68 135 32
68 104 76
68 90 84
68 76 72
68 71 41
68 125 71
68 143 27
68 78 25
68 82 67
68 108 70
68 81 53
68 79 33
68 126 45
68 83 11
68 121 77
68 148 42
68 129 86
68 75 28
68 105 90
68 99 94
68 85 100
68 144 39
68 137 94
68 127 70
68 124 15
69 115 76
69 73 96
69 71 64
69 144 89
69 146 64
69 72 20
69 135 45
69 109 53
69 136 53
69 123 48
69 101 58
69 117 84
69 91 38
69 138 81
69 94 46
69 132 38
69 149 28
69 110 84
69 142 87
69 145 54
69 124 10
69 84 45
69 107 71
69 78 39
69 134 90
69 121 42
69 104 78
69 74 77
69 139 66
69 100 64
69 118 54
69 130 50
69 92 68
69 137 71
69 133 25
69 90 25
69 120 61
69 76 87
69 80 46
69 93 28
69 87 38
69 131 96
69 108 89
69 128 53
69 113 66
69 77 64
69 143 77
70 99 15
70 136 95
70 82 95
70 127 12
70 125 15
70 87 28
70 150 24
70 134 21
70 119 59
70 72 18
70 114 66
70 95 78
70 121 62
70 113 82
70 97 33
70 79 22
70 108 39
70 91 21
70 149 31
70 128 63
70 73 91
70 139 12
70 103 85
70 142 93
70 78 85
70 110 26
70 88 60
70 135 53
70 109 30
70 146 53
70 100 39
70 141 94
70 140 75
70 83 13
70 145 26
70 85 90
70 105 29
70 81 80
70 117 15
70 126 67
70 111 51
70 112 57
70 118 24
71 141 88
71 91 66
71 95 94
71 110 28
71 109 92
71 74 53
71 120 55
71 130 25
71 118 88
71 86 77
71 127 46
71 108 28
71 135 55
71 96 36
71 132 81
71 93 46
71 149 74
71 97 18
71 75 54
71 106 97
71 128 94
71 101 36
71 150 20
71 98 15
71 121 36
71 83 21
71 139 79
71 142 54
71 73 43
71 112 80
71 88 73
72 126 38
72 73 15
72 93 85
72 75 99
72 130 94
72 144 95
72 76 33
72 109 95
72 110 93
72 139 19
72 106 68
72 97 32
72 102 37
72 146 39
72 133 86
72 101 44
72 82 82
72 136 23
72 81 84
72 129 54
72 148 91
72 123 23
72 87 88
72 121 16
72 104 54
72 119 58
72 122 34
72 112 18
72 120 80
72 78 61
72 92 36
72 94 45
73 141 98
73 120 18
73 89 83
73 95 38
73 135 39
73 104 12
73 81 36
73 119 46
73 136 51
73 149 55
73 130 100
73 85 49
73 86 37
73 127 46
73 108 10
73 88 89
73 96 84
73 99 38
73 87 92
73 116 47
73 126 53
73 129 67
73 145 16
74 96 82
74 94 15
74 88 11
74 97 43
74 83 14
74 124 65
74 117 47
74 98 34
74 116 70
74 80 60
74 99 100
74 90 19
74 149 36
74 89 65
74 102 51
74 93 84
74 115 32
74 91 18
74 79 82
74 142 82
74 130 97
74 75 20
74 139 89
74 101 93
74 121 17
74 87 37
74 103 91
74 110 99
74 100 26
74 120 48
74 106 54
74 134 14
74 133 63
74 137 39
74 143 49
74 109 73
75 123 25
75 146 39
75 92 17
75 100 56
75 144 95
75 82 91
75 94 53
75 102 34
75 112 41
75 80 58
75 125 47
75 104 59
75 138 95
75 85 88
75 106 17
75 77 60
75 145 38
75 119 33
75 107 84
75 99 80
75 129 29
75 124 52
75 79 19
75 78 77
75 95 63
75 122 27
75 87 65
75 121 49
75 127 76
75 131 39
75 115 17
75 89 73
75 109 19
75 110 21
75 128 52
75 139 11
75 91 64
75 148 10
75 114 81
76 88 48
76 129 91
76 139 16
76 99 21
76 138 30
76 146 73
76 78 11
76 147 77
76 110 80
76 126 91
76 119 95
76 130 95
76 102 56
76 81 11
76 93 84
76 77 40
76 132 54
76 82 29
76 98 61
76 96 67
76 92 38
76 131 48
76 86 30
76 94 15
76 80 44
76 97 35
76 83 51
76 137 91
76 115 48
76 121 86
76 124 46
76 106 71
76 148 62
76 90 22
76 95 28
76 118 68
76 107 49
77 122 12
77 111 27
77 80 47
77 90 67
77 139 32
77 130 13
77 129 16
77 124 71
77 121 55
77 88 32
77 149 61
77 86 27
77 92 56
77 132 67
77 134 62
77 113 26
77 147 13
77 140 91
77 82 99
77 136 71
77 100 77
77 119 10
77 84 84
77 106 67
77 137 52
77 118 86
77 89 92
77 125 58
77 78 99
77 102 74
77 81 36
77 142 36
77 110 19
77 120 90
77 128 82
77 112 73
78 96 44
78 85 18
78 98 80
78 147 90
78 128 47
78 138 49
78 119 50
78 112 78
78 91 97
78 109 47
78 108 77
78 123 50
78 101 78
78 143 14
78 125 94
78 144 63
78 111 66
78 120 79
78 146 49
78 95 85
78 103 86
78 89 79
78 132 10
78 145 78
78 149 15
78 134 36
78 79 39
78 86 78
78 133 86
78 136 14
78 116 27
78 110 50
78 82 33
78 113 72
78 107 55
78 141 88
78 121 82
78 114 78
78 142 38
78 105 48
78 106 43
79 144 36
79 85 25
79 149 81
79 123 98
79 93 56
79 95 33
79 128 68
79 126 94
79 98 58
79 104 50
79 100 20
79 145 98
79 102 82
79 96 28
79 141 81
79 124 46
79 114 81
79 83 70
79 103 29
79 110 21
79 125 79
79 86 86
79 134 36
79 139 15
79 80 42
79 107 41
79 119 91
79 84 70
79 97 19
79 137 53
79 90 74
79 147 63
79 108 23
80 135 48
80 81 60
80 120 16
80 83 47
80 127 65
80 117 51
80 128 14
80 130 11
80 137 91
80 148 63
80 147 85
80 139 21
80 101 75
80 140 92
80 102 15
80 119 90
80 129 77
80 111 27
80 82 90
80 91 77
80 124 80
80 86 12
80 115 77
80 145 40
80 92 67
80 84 67
80 146 64
80 87 44
80 134 81
80 106 73
81 88 35
81 131 61
81 87 50
81 99 20
81 94 92
81 101 71
81 102 30
81 84 66
81 150 50
81 106 50
81 145 100
81 109 56
81 111 73
81 82 11
81 116 49
81 123 64
81 125 65
81 104 78
81 122 34
81 148 60
81 121 53
81 98 43
81 114 61
81 126 57
81 91 28
81 137 69
81 132 41
81 142 82
81 96 100
81 86 78
81 95 37
81 119 70
81 141 85
81 134 22
82 120 81
82 110 47
82 146 17
82 111 90
82 105 65
82 117 38
82 95 53
82 115 50
82 128 88
82 131 18
82 150 30
82 114 98
82 140 39
82 144 29
82 129 99
82 145 31
82 136 98
82 141 45
82 87 43
82 137 76
82 85 51
82 139 67
82 125 54
82 113 60
82 118 32
82 101 14
82 93 54
82 109 77
82 86 81
83 109 62
83 143 15
83 85 28
83 105 33
83 121 54
83 87 60
83 122 81
83 131 29
83 149 30
83 107 16
83 86 79
83 129 32
83 89 16
83 97 45
83 88 46
83 132 37
83 120 96
83 148 57
83 116 37
83 146 46
83 142 95
83 90 16
83 123 71
83 96 62
83 125 40
83 128 42
83 140 50
83 110 91
83 104 60
84 136 45
84 85 12
84 89 44
84 128 24
84 140 65
84 118 79
84 91 92
84 116 19
84 112 88
84 88 82
84 108 53
84 105 32
84 150 11
84 149 69
84 142 67
84 120 67
84 139 52
84 92 27
84 106 30
84 127 46
84 129 81
84 87 25
84 134 88
84 94 52
84 145 12
84 110 32
84 148 65
84 90 19
84 123 22
85 110 40
85 117 49
85 87 67
85 138 65
85 120 25
85 90 61
85 147 25
85 86 23
85 105 43
85 96 80
85 122 63
85 93 86
85 132 13
85 135 28
85 140 82
85 134 22
85 124 92
85 116 77
85 109 26
85 141 59
85 146 42
85 142 35
85 111 99
85 100 99
85 89 80
85 136 47
85 129 36
85 148 56
85 108 72
85 118 83
85 97 57
85 112 76
85 127 42
85 119 45
85 143 47
85 145 67
85 91 93
85 128 56
85 131 20
86 145 94
86 106 77
86 142 39
86 102 92
86 94 55
86 95 91
86 121 27
86 127 90
86 116 81
86 126 94
86 96 99
86 107 68
86 140 51
86 100 85
86 108 39
86 97 55
86 99 55
86 139 71
86 123 56
86 113 38
86 141 96
86 144 37
86 118 88
86 89 54
86 101 79
86 149 27
86 88 92
86 138 60
86 137 90
87 119 71
87 88 79
87 134 86
87 150 19
87 130 58
87 117 72
87 122 25
87 124 52
87 89 66
87 138 86
87 144 32
87 137 13
87 116 38
87 142 87
87 106 16
87 98 55
87 115 99
87 118 63
87 97 71
87 135 46
87 104 50
87 107 25
87 147 15
87 145 38
87 113 45
87 102 24
87 140 39
87 92 90
87 127 94
88 143 10
88 99 95
88 104 48
88 100 84
88 126 49
88 97 93
88 121 25
88 145 69
88 114 27
88 132 59
88 128 14
88 96 79
88 125 29
88 122 66
88 119 36
88 94 10
88 133 29
88 89 29
88 140 17
88 134 58
88 144 15
88 137 25
88 106 55
88 124 41
88 93 79
88 123 87
88 135 99
88 129 70
89 96 99
89 90 24
89 141 89
89 127 13
89 134 45
89 102 33
89 101 65
89 99 18
89 124 11
89 95 44
89 119 41
89 108 60
89 125 91
89 94 72
89 139 79
89 131 31
89 128 13
89 149 40
89 140 58
89 148 13
89 138 64
89 143 91
89 123 91
89 91 50
89 109 19
89 122 35
89 92 11
89 126 93
89 106 47
89 111 27
89 103 96
90 118 78
90 132 29
90 141 17
90 136 27
90 113 17
90 125 16
90 119 98
90 100 91
90 112 55
90 126 28
90 109 94
90 145 41
90 120 17
90 146 87
90 140 50
90 142 63
90 104 75
90 91 98
90 147 40
90 114 23
90 133 90
90 92 89
90 124 56
90 94 39
90 144 45
90 98 66
90 103 83
90 131 85
90 107 17
91 137 61
91 124 62
91 145 36
91 143 71
91 133 59
91 96 61
91 150 22
91 147 50
91 118 75
91 127 72
91 102 27
91 129 25
91 121 45
91 132 40
91 94 78
91 99 66
91 144 31
91 142 91
91 135 18
91 115 86
91 130 31
91 116 98
91 120 15
91 138 46
91 95 40
91 112 17
91 119 53
91 149 92
91 114 75
91 103 98
91 117 45
91 123 80
92 128 79
92 124 57
92 102 25
92 97 52
92 134 43
92 133 93
92 113 100
92 123 19
92 148 45
92 98 72
92 116 68
92 141 44
92 145 21
92 146 51
92 138 27
92 95 50
92 104 42
92 143 60
92 142 20
92 99 51
92 125 97
92 144 97
92 149 79
92 139 35
92 100 87
92 107 73
92 127 26
92 132 86
92 121 94
92 122 20
92 126 27
93 144 39
93 97 44
93 139 18
93 145 44
93 140 65
93 121 33
93 112 41
93 104 26
93 111 53
93 141 33
93 102 63
93 127 26
93 133 97
93 96 20
93 135 27
93 113 75
93 100 46
93 124 94
93 128 97
93 118 95
93 136 56
93 130 87
93 123 46
93 106 14
93 131 93
94 135 75
94 137 78
94 108 92
94 111 46
94 129 15
94 106 83
94 139 79
94 121 83
94 95 36
94 116 39
94 101 80
94 104 62
94 130 97
94 112 89
94 127 23
94 96 21
94 97 88
94 109 89
94 134 67
94 99 56
94 138 29
94 132 53
94 98 98
94 122 43
94 143 35
94 120 77
94 117 93
95 130 18
95 105 44
95 112 21
95 150 50
95 123 75
95 98 96
95 118 75
95 143 21
95 120 19
95 134 23
95 113 69
95 96 96
95 141 17
95 127 66
95 121 80
95 132 79
95 104 96
95 102 30
95 117 92
95 140 24
95 137 14
95 129 92
95 145 24
95 126 77
96 106 97
96 144 11
96 143 84
96 114 10
96 135 56
96 116 79
96 124 46
96 121 96
96 120 12
96 111 68
96 115 75
96 146 49
96 122 91
96 131 20
96 132 40
96 142 45
96 129 47
96 130 45
96 136 13
96 103 77
96 119 71
96 101 30
96 108 81
96 126 37
96 127 89
96 139 33
96 145 59
96 141 13
97 103 96
97 149 41
97 116 77
97 105 60
97 145 13
97 101 26
97 130 86
97 102 93
97 112 42
97 148 39
97 111 42
97 142 50
97 117 69
97 118 51
97 134 60
97 135 12
97 126 12
97 120 38
97 114 12
97 100 99
97 121 55
97 127 35
97 143 49
97 141 23
98 144 41
98 113 54
98 130 75
98 142 74
98 149 30
98 137 72
98 101 44
98 146 13
98 100 44
98 108 15
98 132 38
98 122 29
98 109 67
98 112 31
98 119 74
98 114 31
98 136 77
98 147 82
98 150 50
98 121 94
98 129 34
98 133 88
98 148 45
99 129 38
99 122 59
99 137 43
99 118 15
99 113 64
99 100 46
99 108 10
99 105 96
99 142 21
99 140 31
99 128 92
99 109 23
99 120 28
99 123 99
99 139 50
99 116 27
99 131 11
99 115 34
99 125 55
99 112 29
99 119 35
99 103 62
100 110 97
100 137 70
100 133 62
100 120 34
100 105 43
100 132 34
100 109 72
100 117 35
100 103 29
100 138 28
100 134 16
100 102 30
100 104 84
100 123 26
100 106 36
100 111 54
100 125 12
100 116 20
100 146 20
100 145 24
100 124 44
101 107 74
101 128 20
101 123 76
101 129 19
101 114 17
101 104 11
101 132 57
101 150 63
101 118 15
101 102 58
101 110 38
101 126 13
101 109 68
101 116 52
101 148 75
101 108 38
101 112 98
101 105 93
101 149 76
101 138 64
101 146 52
102 146 34
102 111 56
102 116 56
102 145 49
102 140 57
102 119 43
102 148 70
102 109 92
102 131 16
102 105 73
102 124 25
102 125 79
102 132 17
102 127 67
102 108 20
102 147 54
102 110 11
102 130 14
102 118 35
102 133 35
103 122 12
103 123 100
103 139 17
103 114 68
103 127 12
103 150 24
103 129 18
103 106 50
103 140 74
103 136 57
103 142 51
103 145 26
103 107 45
103 117 79
103 126 55
103 105 84
103 138 64
103 104 82
103 148 69
103 110 11
103 149 81
103 144 81
103 120 12
103 112 37
103 118 18
103 141 49
104 106 24
104 131 44
104 137 31
104 140 65
104 109 11
104 119 57
104 125 100
104 115 74
104 138 65
104 133 42
104 147 12
104 117 62
104 148 97
104 136 99
104 129 80
104 145 98
104 142 88
104 132 67
105 134 42
105 147 78
105 109 53
105 140 68
105 139 41
105 150 34
105 137 50
105 132 40
105 116 13
105 114 14
105 117 47
105 113 27
105 146 23
105 108 85
105 124 28
105 131 57
105 123 66
106 141 84
106 129 18
106 128 81
106 149 60
106 131 24
106 127 61
106 118 50
106 150 66
106 124 52
106 111 17
106 139 76
106 138 65
106 116 64
106 133 48
106 123 12
106 109 33
106 148 100
106 142 42
107 110 53
107 149 15
107 129 89
107 136 91
107 112 18
107 138 26
107 148 73
107 134 24
107 141 65
107 116 98
107 145 80
107 150 64
107 127 91
107 126 59
107 131 37
107 135 20
108 120 18
108 132 11
108 140 15
108 149 74
108 122 52
108 145 16
108 148 42
108 110 49
108 127 75
108 123 41
108 119 53
108 137 26
108 139 77
108 124 31
108 147 89
108 112 73
108 133 87
109 137 21
109 140 17
109 112 33
109 119 12
109 127 45
109 128 94
109 118 35
109 123 71
109 150 50
109 132 23
109 146 47
109 131 38
109 142 17
109 120 62
109 144 61
109 124 36
109 138 98
109 130 58
109 129 54
109 111 81
109 126 45
109 145 77
110 125 25
110 142 62
110 136 47
110 116 39
110 135 24
110 133 52
110 147 87
110 140 54
110 127 85
110 119 78
110 146 24
111 115 44
111 140 82
111 112 99
111 136 34
111 114 100
111 128 87
111 150 100
111 149 74
111 126 25
111 144 75
111 133 41
111 142 62
111 130 48
111 131 45
111 122 41
111 117 77
111 134 19
111 148 95
112 150 56
112 138 25
112 122 64
112 147 32
112 134 39
112 118 88
112 121 25
112 136 39
112 145 60
112 128 33
112 137 73
112 135 18
112 114 39
112 133 49
112 123 100
112 146 44
112 130 84
113 146 19
113 139 67
113 140 25
113 121 85
113 147 84
113 115 96
113 116 62
113 135 50
113 126 13
113 132 58
113 128 74
113 120 88
113 131 16
113 134 95
113 145 96
113 133 19
113 127 39
113 129 95
113 122 46
113 141 22
113 137 81
113 149 55
114 116 20
114 147 71
114 119 57
114 142 57
114 144 22
114 135 94
114 150 31
114 138 22
114 131 71
114 120 55
114 124 91
114 133 82
115 150 97
115 125 47
115 131 55
115 134 74
115 124 57
115 127 20
115 149 59
115 116 17
115 136 43
115 145 86
115 139 85
115 143 96
115 141 96
115 148 34
115 119 76
115 132 18
116 120 38
116 137 13
116 135 22
116 142 41
116 134 43
116 149 53
116 140 78
116 141 76
116 146 61
116 121 21
116 143 92
116 128 63
116 126 69
116 148 79
116 132 68
116 150 48
116 129 76
116 119 37
116 136 46
116 124 73
116 130 41
117 145 99
117 121 55
117 134 80
117 124 69
117 146 33
117 138 18
117 130 55
117 119 61
117 122 85
117 137 37
117 129 37
117 131 68
117 140 20
118 142 100
118 121 53
118 129 41
118 146 73
118 134 25
118 150 10
118 149 82
118 140 58
118 135 29
118 139 74
118 143 11
119 137 61
119 129 96
119 140 79
119 139 85
119 128 92
119 148 48
119 131 46
119 125 68
120 137 19
120 130 86
120 135 10
120 150 10
120 123 44
120 142 82
120 139 92
120 134 94
120 147 33
120 122 74
120 141 78
120 133 47
120 121 32
120 146 32
120 144 55
120 148 89
120 145 98
121 145 80
121 124 66
121 142 65
121 134 66
121 146 60
121 143 25
121 136 40
121 126 19
121 149 15
121 123 60
121 141 53
121 137 10
121 129 10
121 138 26
121 135 67
121 140 80
122 136 16
122 145 25
122 143 14
122 125 94
122 124 95
122 141 87
122 149 86
122 140 29
122 139 94
122 150 24
122 144 89
122 130 11
122 132 61
123 140 71
123 139 80
123 125 63
123 132 56
123 138 28
123 129 51
123 144 44
123 133 87
123 143 96
123 148 74
124 146 39
124 140 26
124 137 49
124 138 58
124 133 41
124 125 24
124 134 61
124 141 87
124 144 34
125 136 18
125 147 94
125 143 11
125 140 63
125 146 15
125 141 58
125 131 44
125 149 47
125 130 47
125 128 23
125 145 98
126 148 85
126 142 32
126 139 86
126 143 55
126 145 57
126 133 57
126 137 69
126 150 51
126 135 63
126 132 18
126 129 53
126 138 68
126 141 15
126 130 70
127 135 62
127 134 32
127 132 67
127 142 47
127 129 27
127 144 62
127 131 36
127 133 62
127 146 48
127 130 25
127 145 76
127 140 62
128 146 20
128 141 100
128 134 19
128 130 21
128 138 79
129 141 50
129 131 45
129 140 61
129 144 35
129 136 34
129 137 87
129 145 64
129 148 47
129 150 90
130 138 60
130 144 12
130 132 15
130 139 96
130 137 69
130 131 14
130 143 89
130 136 42
130 146 15
130 134 29
131 147 20
131 136 99
131 139 57
131 144 43
131 138 54
131 142 52
131 146 47
131 140 50
132 133 46
132 143 99
132 141 49
132 138 93
132 148 26
132 134 66
132 145 62
132 150 52
133 148 23
133 136 17
133 137 89
133 142 22
133 145 78
133 134 33
133 135 15
133 146 93
134 140 40
134 138 99
134 136 63
134 139 47
134 141 46
134 146 53
134 149 54
134 135 65
135 137 47
135 145 10
135 139 53
135 140 45
135 136 22
135 143 14
135 147 79
135 146 34
136 148 62
136 145 19
136 138 74
136 144 60
136 149 61
137 142 24
137 149 48
137 139 62
137 144 20
137 145 98
138 142 75
138 147 85
138 150 93
138 140 23
138 144 61
139 140 90
139 147 52
139 148 66
139 149 79
140 150 18
140 146 54
140 148 19
141 146 80
141 150 56
142 146 50
142 143 89
142 149 83
142 150 91
142 145 25
143 147 94
143 149 45
143 145 55
144 146 23
144 145 75
144 149 81
145 146 93
146 147 52
146 148 49
147 150 39
148 150 94
