130413
794180
256256
019405
003179
580736
273152
075317
000640
000092
232574
126285
054336
000084
697625
001941
122146
366580
974929
522060
074681
326552
447057
423936
987737
953856
692260
534673
000066
140816
179465
970560
242011
264935
828125
708042
001351
519180
000221
676077
769729
872021
683648
340992
234751
607351
196185
529457
235904
466341
478991
593641
000005
059885
417822
361216
002120
012320
520787
530809
745735
753341
000094
336640
498381
178279
893696
694176
887400
500089
759104
897408
756731
179488
116593
005049
993700
551808
723904
097720
490600
203423
386985
590010
271271
538304
239608
000025
379392
060473
139200
481856
866501
002277
976509
000000
980196
000356
960000
285760
173565
014344
262425
637261
708052
100815
000056
551474
329155
790912
605501
534177
013440
000044
000023
210929
755728
192551
191680
482089
959515
953125
177984
477034
095113
000828
008848
048080
118531
448937
054390
846496
129600
066263
330307
000033
288349
824704
351201
997307
028623
875416
828125
040250
488125
994816
014981
605717
314176
988811
000000
065111
865029
738271
502275
769600
010923
066864
165001
209152
629920
162972
570948
813056
794560
931929
044022
473880
002656
215309
272000
793145
123200
440081
000082
010000
003589
278785
527808
768497
474645
419840
806260
286720
122841
330560
542495
208576
334825
775488
084883
563232
547317
016800
003987
232953
441386
204175
000098
824163
887664
772864
197699
245213
906624
293169
860440
000008
744547
654599
250025
032832
001071
731520
000085
030400
351208
211527
795250
004782
917763
527553
281409
163344
316500
562500
000048
530367
014080
995533
213209
697895
904953
446041
021696
920256
737456
907584
792239
185913
050624
000099
060419
253281
793909
027915
000021
574277
728256
808625
784581
128280
844741
836207
759591
883904
848528
945689
588379
876425
015625
564375
154883
509376
548387
000651
156250
453750
001742
912640
936576
516640
538064
003655
000008
674200
823931
069547
854771
833535
319105
003125
867776
000434
106006
000099
402595
091401
849009
126912
930705
223296
106633
976890
000022
678037
264768
892231
242790
694885
253952
703125
661917
591809
949952
757189
643776
649161
794090
640793
438808
527033
645820
000043
146474
029725
049856
743181
628641
890912
000081
020125
384697
965881
383872
458112
182336
739712
705171
740704
329751
935201
000099
000562
631284
049876
521648
163008
000014
172328
624090
222528
462841
143616
004039
152640
697167
996175
008150
170121
567220
699137
274176
130481
895171
001721
860271
233856
001238
550746
887552
186752
405824
000045
362368
002337
910104
520211
839796
028800
001771
077170
119808
894784
941840
366512
036880
402899
000254
336651
782336
383040
106944
990491
487029
598881
927168
241209
738057
210240
000872
810543
994203
982401
893104
000076
774687
333008
842427
114816
389163
528000
883997
705803
000245
276032
682832
156250
755881
515625
418496
811111
043136
082677
630541
000968
007695
338949
484375
772732
660217
648237
759827
249881
975651
000010
618496
854727
000034
580704
000019
033600
545535
247361
860736
597871
982535
874190
906959
867432
661395
140321
611991
040384
000013
746080
291805
042725
939360
010301
942275
000088
365243
441280
015384
649015
611801
727965
620928
006448
062848
086161
356020
598529
831936
138524
580280
812800
204864
321780
199376
027231
622073
272832
000008
000049
648201
430015
000011
510080
383840
662608
181921
034255
584371
021504
454040
968064
362648
003876
231909
432048
540496
207840
055488
780160
875264
304544
481523
048064
159948
699216
202496
748661
249280
485909
904544
000075
245009
004979
089280
946241
638385
870489
484632
965201
112375
000092
746496
212409
173410
599731
127844
732969
367544
172650
116608
452928
047619
186561
200384
139841
000073
673945
668921
630661
908580
866912
862160
448928
697079
979201
272640
129827
133920
033536
569760
575691
254265
738176
028841
592099
697601
921875
757544
745088
197880
937682
113362
053180
782457
185071
493778
703168
758135
788030
749839
533500
786304
217401
126181
407405
227225
039408
082261
176832
564925
298221
418688
210937
165184
632437
540161
530238
009619
326291
807128
579651
356964
008121
096096
451552
477312
708608
006464
046875
361551
617984
330521
242625
921875
131141
432441
052816
106575
653312
391329
010000
006569
545380
032141
330235
000110
841536
299146
538679
005707
967961
114440
775000
014880
046077
002045
657275
735879
446729
375000
854784
000117
121961
631700
038528
999737
000038
631881
829504
153125
680512
250000
061447
709471
002989
002509
899707
588501
517584
522496
792047
829415
799296
368033
525851
375000
531225
214000
502700
623384
753805
832529
481119
222400
733976
198244
911077
647481
312464
