167744
966348
633840
071868
630401
908780
244113
969906
869695
250000
033985
911628
800409
761856
570623
470464
376311
460307
785301
397545
958161
166720
791936
077041
000000
192481
966149
393216
586873
672000
474624
223424
149376
547583
431168
250025
036721
933417
058870
785600
430661
643520
651101
774443
585749
029711
406250
596820
746721
733961
820992
997791
654289
285273
421875
011101
921952
159245
392384
447616
450304
621872
202241
083584
272896
464256
212267
395366
779675
888897
386432
659970
444090
378496
761339
897792
861120
151040
218764
633600
056237
657525
134311
613983
094360
381616
251769
517376
491649
284541
850879
671875
482368
559321
615122
163392
758400
610649
244151
225229
147051
245945
248276
012721
555361
475200
546871
729856
816800
926592
377216
663488
471991
251420
061655
282560
353587
969755
053281
509921
577408
743041
159497
000000
719883
452480
176481
790419
650295
909147
365075
845561
558681
179136
326581
058447
767681
191007
689664
670449
596801
489099
485696
213565
822912
416397
353541
411392
345496
384125
652696
093601
617685
691259
199360
271615
427800
257916
070387
150159
309167
512720
837568
992512
735040
194464
719181
413553
120512
875035
506160
110258
400161
553629
818304
630656
897401
001131
363831
749968
927552
761000
496245
804147
284063
908745
788224
535552
487936
341875
537261
030037
491921
890625
756544
642605
230107
000000
976717
122816
117227
064145
938783
360231
435115
120163
764992
425088
267839
102869
418387
907008
292281
226216
760669
972096
884443
714495
297763
316351
618139
481865
158720
221107
733376
428951
819904
926976
580176
771073
717888
329232
456367
843983
254848
790913
353513
093719
678464
334825
100992
497600
158633
058388
011801
971552
645001
366497
343255
192000
524749
524155
930325
267485
207171
121822
210366
265792
761944
524487
923659
125000
894009
302592
175616
419168
313489
240704
011968
056064
680192
694871
958967
854100
582561
827949
059200
819801
982208
377270
773061
601136
360896
923329
377472
585472
635050
179595
553536
375000
965871
746208
871296
688573
141640
974400
249013
662055
738496
644992
166401
318528
284992
875000
269475
730756
893729
547281
768911
829701
316015
859425
074816
985833
499201
031992
414976
989800
842081
559008
247055
562500
312201
909911
140625
903488
239000
762880
009984
867647
686336
992265
175744
006359
869655
953125
958301
936576
110335
087905
270272
912229
712256
101293
231523
703143
913371
921789
660650
141199
252622
267984
244223
921875
903657
330533
323441
469376
592064
764469
336542
218750
016795
894829
598917
675904
500000
533760
422371
015840
141601
651801
787219
115680
728301
705491
058542
424128
633391
000000
171875
875000
115051
118231
958821
920192
880384
951040
060032
572480
000000
206901
286800
643699
602272
767040
710167
427051
164608
852672
144192
268480
621160
118699
349735
522676
330937
709376
986880
760641
899581
796269
039669
515625
547611
762432
590771
249583
036627
717151
476536
538754
316245
938518
271761
722624
249409
618008
876466
961439
501632
671321
075155
587402
676950
085117
857761
385601
484736
886464
192175
454933
858560
500000
878400
190127
000448
359983
420608
540672
289673
880235
611312
110523
311992
961536
875001
703200
597568
040896
905957
371392
632000
809344
388500
872068
803320
054721
485705
674520
354655
762240
721148
215783
906499
944891
395741
706355
745017
257935
952381
569436
117495
647181
929109
594745
314311
507648
721600
449408
578880
679809
472289
140000
403843
715365
212441
382801
362810
113566
882741
359544
069450
013213
029693
613952
917283
174665
705372
892672
059072
587450
321269
749380
122446
351200
988631
309760
155904
056463
351461
961329
183625
570161
167581
686637
999296
765625
806753
150720
942059
316893
347392
457216
330182
565733
655189
903887
065280
281813
047601
222150
558001
482112
401490
427840
644899
094837
839133
571375
544301
475136
797978
725975
987000
578125
367801
458017
068992
469794
958941
095744
000161
657479
140864
869623
504369
273280
429325
970721
610368
515456
607872
018624
849367
496793
941397
662271
200444
762211
433595
297600
912316
735872
529141
682911
314962
234375
795700
034594
022464
889230
571087
293394
299963
736539
234479
121631
819456
445689
214247
153109
940626
741141
000000
819521
333824
205632
540801
993513
341489
378932
158877
368932
836508
699008
636352
311927
440565
714880
519680
944359
158599
009501
710976
145268
572663
059953
930294
953125
802137
472800
990641
313664
583179
056103
354583
920833
750000
234580
576960
211473
096875
401664
645440
869397
421376
765696
800000
501139
883357
996596
950728
174193
889055
317813
660684
315112
138291
809001
918336
945744
367936
967296
656320
925259
