20 162
1 5 0 348
1 7 0 883
1 8 0 628
1 11 0 977
1 12 0 489
1 15 0 143
1 19 0 823
1 20 0 142
5 7 0 654
5 9 0 592
5 11 0 564
5 13 0 578
7 8 0 385
7 9 0 567
7 11 0 482
7 17 0 813
7 19 0 522
7 20 0 363
8 9 0 234
8 13 0 260
8 19 0 481
11 12 0 505
11 17 0 454
11 18 0 151
12 14 0 187
12 16 0 652
12 18 0 817
12 20 0 525
15 16 0 515
15 17 0 195
15 18 0 646
2 3 0 321
2 4 0 851
2 5 0 914
2 10 0 366
2 12 0 979
2 13 0 378
2 14 0 672
2 15 0 813
2 18 0 539
3 8 0 734
3 9 0 634
3 11 0 106
3 14 0 282
3 15 0 786
3 20 0 900
4 5 0 658
4 8 0 661
4 9 0 616
4 10 0 526
4 13 0 518
4 15 0 634
4 17 0 545
10 12 0 145
10 14 0 703
10 18 0 992
10 20 0 455
13 16 0 187
13 17 0 829
13 18 0 410
13 19 0 568
14 15 0 611
14 16 0 583
14 19 0 717
18 20 0 622
9 11 0 519
9 12 0 388
9 13 0 332
9 14 0 630
9 17 0 212
9 19 0 431
9 20 0 430
17 18 0 326
17 20 0 861
6 7 0 410
6 10 0 342
6 14 0 583
6 15 0 118
6 17 0 540
6 18 0 818
6 20 0 757
1 5 1 695
1 7 1 155
1 8 1 973
1 11 1 484
1 12 1 271
1 15 1 916
1 19 1 478
1 20 1 384
5 7 1 547
5 9 1 737
5 11 1 919
5 13 1 206
7 8 1 636
7 9 1 783
7 11 1 490
7 17 1 658
7 19 1 171
7 20 1 994
8 9 1 382
8 13 1 995
8 19 1 506
11 12 1 569
11 17 1 874
11 18 1 262
12 14 1 815
12 16 1 671
12 18 1 436
12 20 1 145
15 16 1 539
15 17 1 322
15 18 1 406
2 3 1 266
2 4 1 926
2 5 1 713
2 10 1 114
2 12 1 609
2 13 1 769
2 14 1 326
2 15 1 619
2 18 1 627
3 8 1 236
3 9 1 473
3 11 1 871
3 14 1 729
3 15 1 146
3 20 1 347
4 5 1 835
4 8 1 459
4 9 1 986
4 10 1 544
4 13 1 772
4 15 1 528
4 17 1 982
10 12 1 692
10 14 1 570
10 18 1 482
10 20 1 368
13 16 1 800
13 17 1 725
13 18 1 717
13 19 1 522
14 15 1 838
14 16 1 573
14 19 1 141
18 20 1 417
9 11 1 251
9 12 1 529
9 13 1 890
9 14 1 272
9 17 1 626
9 19 1 715
9 20 1 669
17 18 1 651
17 20 1 172
6 7 1 864
6 10 1 638
6 14 1 402
6 15 1 359
6 17 1 901
6 18 1 284
6 20 1 683
