30 438
1 3 0 702
1 4 0 942
1 6 0 198
1 10 0 289
1 11 0 881
1 15 0 248
1 17 0 593
1 18 0 661
1 20 0 237
1 25 0 110
1 26 0 670
1 30 0 970
3 5 0 469
3 7 0 834
3 8 0 961
3 9 0 653
3 10 0 898
3 14 0 474
3 15 0 202
3 16 0 512
3 18 0 831
3 21 0 967
3 22 0 221
3 24 0 289
3 25 0 459
3 26 0 959
3 28 0 198
3 29 0 223
4 5 0 320
4 6 0 206
4 7 0 418
4 8 0 275
4 12 0 377
4 13 0 866
4 15 0 161
4 20 0 917
4 21 0 684
4 24 0 140
6 7 0 351
6 8 0 319
6 9 0 463
6 10 0 260
6 11 0 807
6 12 0 379
6 13 0 658
6 15 0 958
6 17 0 247
6 19 0 180
6 20 0 265
6 23 0 216
6 27 0 864
6 28 0 750
6 29 0 530
6 30 0 652
10 11 0 810
10 12 0 941
10 14 0 268
10 15 0 956
10 17 0 706
10 19 0 719
10 23 0 224
10 25 0 878
10 26 0 870
10 27 0 882
10 30 0 510
11 12 0 698
11 13 0 912
11 15 0 589
11 16 0 657
11 17 0 208
11 18 0 832
11 19 0 272
11 21 0 385
11 25 0 474
11 29 0 710
15 16 0 568
15 18 0 706
15 19 0 310
15 21 0 415
15 22 0 961
15 23 0 322
15 24 0 216
15 25 0 452
15 29 0 254
17 18 0 921
17 19 0 295
17 21 0 835
17 22 0 961
17 24 0 332
17 25 0 860
17 26 0 827
17 28 0 268
17 29 0 465
18 21 0 156
18 22 0 499
18 25 0 774
20 21 0 327
20 25 0 970
20 26 0 453
20 27 0 334
20 28 0 954
25 26 0 878
25 27 0 399
25 28 0 353
26 28 0 734
26 30 0 112
2 3 0 358
2 4 0 395
2 5 0 247
2 7 0 885
2 9 0 826
2 10 0 877
2 12 0 505
2 15 0 517
2 16 0 149
2 17 0 889
2 20 0 572
2 23 0 133
2 24 0 895
2 25 0 332
2 27 0 430
2 28 0 871
2 29 0 833
5 8 0 931
5 9 0 590
5 14 0 338
5 19 0 472
5 20 0 310
5 22 0 104
5 23 0 810
5 26 0 677
5 29 0 922
5 30 0 554
7 8 0 114
7 9 0 979
7 12 0 718
7 15 0 184
7 16 0 428
7 17 0 818
7 18 0 791
7 20 0 966
7 22 0 578
7 23 0 335
7 25 0 513
7 26 0 605
7 27 0 914
7 28 0 111
7 29 0 197
7 30 0 414
9 12 0 992
9 15 0 561
9 20 0 594
9 21 0 408
9 25 0 740
9 26 0 510
9 30 0 906
12 16 0 923
12 17 0 245
12 18 0 779
12 19 0 501
12 20 0 838
12 23 0 221
12 24 0 938
12 25 0 714
16 18 0 138
16 19 0 469
16 21 0 228
16 22 0 932
16 23 0 960
16 24 0 837
16 27 0 225
16 28 0 640
16 29 0 183
16 30 0 861
23 25 0 178
23 28 0 305
23 29 0 660
24 25 0 532
24 26 0 839
24 28 0 518
24 29 0 761
27 28 0 810
27 30 0 747
28 29 0 360
8 16 0 873
8 24 0 751
8 25 0 984
8 26 0 776
8 28 0 774
8 29 0 791
14 15 0 350
14 17 0 492
14 20 0 759
14 21 0 480
14 22 0 264
14 28 0 448
14 30 0 331
21 22 0 719
21 23 0 866
21 24 0 614
21 27 0 876
21 28 0 984
21 29 0 373
22 24 0 981
22 27 0 885
22 28 0 928
22 29 0 432
13 15 0 147
13 19 0 166
13 20 0 684
13 25 0 153
13 27 0 349
13 28 0 841
19 20 0 392
19 21 0 927
19 22 0 412
19 25 0 153
19 26 0 694
19 30 0 385
1 3 1 933
1 4 1 971
1 6 1 714
1 10 1 307
1 11 1 128
1 15 1 905
1 17 1 596
1 18 1 371
1 20 1 767
1 25 1 510
1 26 1 185
1 30 1 359
3 5 1 469
3 7 1 692
3 8 1 403
3 9 1 563
3 10 1 643
3 14 1 607
3 15 1 920
3 16 1 765
3 18 1 398
3 21 1 325
3 22 1 444
3 24 1 759
3 25 1 636
3 26 1 776
3 28 1 309
3 29 1 580
4 5 1 593
4 6 1 832
4 7 1 376
4 8 1 871
4 12 1 414
4 13 1 692
4 15 1 451
4 20 1 903
4 21 1 378
4 24 1 148
6 7 1 417
6 8 1 258
6 9 1 293
6 10 1 893
6 11 1 805
6 12 1 956
6 13 1 919
6 15 1 167
6 17 1 352
6 19 1 809
6 20 1 885
6 23 1 297
6 27 1 805
6 28 1 991
6 29 1 962
6 30 1 193
10 11 1 987
10 12 1 735
10 14 1 885
10 15 1 167
10 17 1 900
10 19 1 239
10 23 1 424
10 25 1 271
10 26 1 710
10 27 1 800
10 30 1 606
11 12 1 750
11 13 1 744
11 15 1 761
11 16 1 238
11 17 1 281
11 18 1 572
11 19 1 712
11 21 1 129
11 25 1 787
11 29 1 402
15 16 1 352
15 18 1 166
15 19 1 694
15 21 1 556
15 22 1 304
15 23 1 668
15 24 1 114
15 25 1 161
15 29 1 422
17 18 1 988
17 19 1 621
17 21 1 576
17 22 1 776
17 24 1 301
17 25 1 103
17 26 1 584
17 28 1 417
17 29 1 257
18 21 1 852
18 22 1 682
18 25 1 739
20 21 1 304
20 25 1 607
20 26 1 130
20 27 1 823
20 28 1 313
25 26 1 365
25 27 1 114
25 28 1 787
26 28 1 570
26 30 1 430
2 3 1 415
2 4 1 492
2 5 1 843
2 7 1 377
2 9 1 866
2 10 1 619
2 12 1 898
2 15 1 719
2 16 1 720
2 17 1 779
2 20 1 955
2 23 1 767
2 24 1 292
2 25 1 865
2 27 1 223
2 28 1 682
2 29 1 775
5 8 1 249
5 9 1 723
5 14 1 430
5 19 1 499
5 20 1 885
5 22 1 995
5 23 1 570
5 26 1 567
5 29 1 188
5 30 1 168
7 8 1 283
7 9 1 303
7 12 1 446
7 15 1 632
7 16 1 906
7 17 1 473
7 18 1 739
7 20 1 321
7 22 1 801
7 23 1 363
7 25 1 461
7 26 1 103
7 27 1 284
7 28 1 435
7 29 1 590
7 30 1 873
9 12 1 837
9 15 1 963
9 20 1 743
9 21 1 584
9 25 1 834
9 26 1 188
9 30 1 698
12 16 1 975
12 17 1 315
12 18 1 701
12 19 1 930
12 20 1 332
12 23 1 435
12 24 1 720
12 25 1 172
16 18 1 231
16 19 1 450
16 21 1 787
16 22 1 658
16 23 1 580
16 24 1 999
16 27 1 372
16 28 1 211
16 29 1 540
16 30 1 334
23 25 1 808
23 28 1 599
23 29 1 707
24 25 1 775
24 26 1 786
24 28 1 918
24 29 1 930
27 28 1 975
27 30 1 570
28 29 1 722
8 16 1 475
8 24 1 568
8 25 1 217
8 26 1 891
8 28 1 601
8 29 1 808
14 15 1 812
14 17 1 583
14 20 1 106
14 21 1 292
14 22 1 858
14 28 1 796
14 30 1 504
21 22 1 597
21 23 1 385
21 24 1 730
21 27 1 381
21 28 1 155
21 29 1 260
22 24 1 364
22 27 1 688
22 28 1 734
22 29 1 346
13 15 1 561
13 19 1 366
13 20 1 579
13 25 1 899
13 27 1 603
13 28 1 669
19 20 1 307
19 21 1 534
19 22 1 305
19 25 1 816
19 26 1 837
19 30 1 363
