40 796
1 2 0 577
1 7 0 149
1 8 0 762
1 9 0 504
1 10 0 244
1 13 0 677
1 14 0 304
1 15 0 463
1 16 0 997
1 17 0 498
1 19 0 977
1 20 0 672
1 21 0 710
1 22 0 366
1 24 0 942
1 25 0 495
1 29 0 927
1 30 0 610
1 31 0 276
1 32 0 971
1 35 0 943
1 36 0 639
1 37 0 169
1 38 0 553
1 40 0 334
2 7 0 721
2 10 0 151
2 13 0 483
2 14 0 473
2 15 0 488
2 16 0 462
2 17 0 312
2 20 0 717
2 21 0 453
2 22 0 845
2 27 0 819
2 28 0 959
2 29 0 512
2 30 0 929
2 32 0 781
2 35 0 900
2 37 0 734
2 39 0 806
7 12 0 229
7 14 0 530
7 17 0 691
7 19 0 441
7 20 0 495
7 24 0 237
7 25 0 948
7 27 0 161
7 28 0 961
7 29 0 151
7 30 0 131
7 31 0 167
7 34 0 533
7 36 0 396
7 37 0 799
7 38 0 301
7 39 0 690
7 40 0 216
8 9 0 524
8 13 0 948
8 15 0 187
8 16 0 697
8 18 0 853
8 19 0 201
8 22 0 561
8 23 0 474
8 25 0 251
8 26 0 243
8 27 0 346
8 28 0 871
8 30 0 399
8 32 0 838
8 33 0 737
8 35 0 642
9 10 0 422
9 12 0 553
9 13 0 994
9 14 0 388
9 16 0 759
9 17 0 728
9 19 0 827
9 23 0 883
9 26 0 370
9 27 0 791
9 28 0 585
9 30 0 713
9 31 0 348
9 33 0 704
9 34 0 574
9 35 0 989
9 37 0 563
10 12 0 347
10 19 0 733
10 20 0 969
10 23 0 330
10 25 0 270
10 27 0 474
10 28 0 469
10 29 0 713
10 31 0 640
10 34 0 341
10 37 0 111
10 40 0 417
13 14 0 490
13 15 0 514
13 18 0 324
13 20 0 445
13 22 0 276
13 23 0 954
13 24 0 382
13 25 0 566
13 26 0 116
13 27 0 292
13 30 0 517
13 31 0 163
13 34 0 988
13 35 0 918
13 36 0 323
13 37 0 547
13 39 0 768
14 15 0 835
14 18 0 861
14 19 0 669
14 20 0 910
14 21 0 840
14 22 0 404
14 29 0 643
14 32 0 350
14 34 0 313
14 38 0 672
14 40 0 497
15 16 0 892
15 17 0 704
15 18 0 981
15 19 0 496
15 21 0 804
15 22 0 472
15 23 0 850
15 25 0 922
15 27 0 851
15 30 0 407
15 34 0 378
15 37 0 733
16 19 0 122
16 22 0 573
16 24 0 642
16 27 0 237
16 28 0 546
16 31 0 159
16 34 0 522
16 36 0 403
16 37 0 599
16 39 0 405
16 40 0 775
17 21 0 568
17 24 0 598
17 26 0 934
17 27 0 272
17 28 0 424
17 30 0 669
17 31 0 620
17 32 0 313
17 36 0 434
17 39 0 516
17 40 0 504
19 24 0 755
19 26 0 382
19 27 0 410
19 28 0 491
19 29 0 797
19 30 0 125
19 33 0 513
19 35 0 777
19 40 0 450
20 27 0 725
20 29 0 941
20 31 0 146
20 32 0 356
20 36 0 973
20 39 0 240
21 23 0 861
21 25 0 108
21 26 0 230
21 29 0 642
21 30 0 263
21 31 0 128
21 34 0 788
21 36 0 340
22 23 0 799
22 26 0 197
22 29 0 373
22 32 0 369
22 33 0 840
22 35 0 724
22 38 0 118
22 39 0 166
22 40 0 364
24 25 0 557
24 26 0 667
24 27 0 576
24 28 0 999
24 29 0 123
24 31 0 244
24 32 0 476
24 34 0 586
24 36 0 862
24 37 0 473
24 40 0 695
25 26 0 167
25 27 0 561
25 28 0 529
25 30 0 664
25 31 0 185
25 32 0 481
25 33 0 200
25 34 0 792
25 35 0 484
25 36 0 879
25 37 0 143
25 40 0 871
29 31 0 834
29 38 0 944
29 39 0 947
29 40 0 769
30 31 0 105
30 32 0 817
30 33 0 608
30 34 0 679
30 37 0 657
30 38 0 897
31 32 0 296
31 34 0 205
31 35 0 856
31 38 0 851
31 39 0 351
31 40 0 338
32 35 0 135
32 36 0 734
32 37 0 214
32 39 0 878
35 36 0 461
35 37 0 425
35 38 0 738
35 39 0 941
36 37 0 485
36 38 0 555
36 40 0 594
37 38 0 297
37 39 0 127
37 40 0 933
38 39 0 470
38 40 0 819
27 28 0 129
27 31 0 115
27 34 0 483
27 36 0 507
27 38 0 491
27 40 0 489
28 29 0 869
28 30 0 792
28 31 0 654
28 33 0 657
28 36 0 589
28 38 0 181
3 5 0 524
3 7 0 712
3 8 0 289
3 11 0 179
3 12 0 118
3 13 0 367
3 14 0 227
3 17 0 538
3 18 0 382
3 23 0 464
3 27 0 770
3 31 0 210
3 32 0 821
3 33 0 625
3 34 0 600
3 40 0 1000
5 6 0 479
5 8 0 404
5 14 0 203
5 15 0 272
5 16 0 227
5 17 0 363
5 18 0 261
5 19 0 899
5 20 0 827
5 22 0 274
5 27 0 471
5 29 0 749
5 32 0 755
5 34 0 524
5 37 0 436
5 39 0 757
5 40 0 236
11 12 0 396
11 14 0 259
11 16 0 685
11 17 0 524
11 19 0 966
11 20 0 614
11 22 0 244
11 23 0 975
11 24 0 690
11 25 0 832
11 26 0 464
11 27 0 511
11 28 0 898
11 30 0 841
11 32 0 202
11 33 0 299
11 37 0 280
12 13 0 651
12 16 0 449
12 18 0 910
12 20 0 773
12 22 0 506
12 26 0 465
12 28 0 177
12 34 0 512
12 37 0 422
12 39 0 919
18 21 0 746
18 22 0 198
18 24 0 735
18 28 0 649
18 30 0 949
18 31 0 540
18 33 0 106
18 34 0 654
18 35 0 999
18 37 0 318
18 38 0 510
18 40 0 544
23 25 0 757
23 27 0 399
23 30 0 359
23 32 0 761
23 38 0 253
23 40 0 806
33 40 0 357
34 35 0 533
34 36 0 376
34 37 0 101
34 38 0 155
34 39 0 257
4 5 0 562
4 9 0 317
4 10 0 800
4 11 0 962
4 12 0 429
4 13 0 985
4 14 0 902
4 15 0 607
4 16 0 594
4 18 0 628
4 19 0 249
4 21 0 625
4 25 0 850
4 26 0 194
4 27 0 728
4 28 0 872
4 30 0 533
4 31 0 719
4 33 0 128
4 35 0 531
4 36 0 294
4 37 0 532
4 38 0 607
4 39 0 644
26 27 0 839
26 28 0 272
26 29 0 382
26 30 0 244
26 31 0 283
26 35 0 574
26 37 0 780
26 40 0 901
6 7 0 380
6 8 0 173
6 11 0 167
6 14 0 612
6 15 0 371
6 16 0 630
6 17 0 491
6 18 0 757
6 19 0 142
6 20 0 923
6 25 0 694
6 34 0 948
6 35 0 475
6 36 0 387
6 37 0 806
1 2 1 859
1 7 1 371
1 8 1 919
1 9 1 308
1 10 1 183
1 13 1 286
1 14 1 458
1 15 1 254
1 16 1 679
1 17 1 530
1 19 1 400
1 20 1 940
1 21 1 148
1 22 1 408
1 24 1 636
1 25 1 642
1 29 1 928
1 30 1 851
1 31 1 803
1 32 1 416
1 35 1 789
1 36 1 876
1 37 1 836
1 38 1 426
1 40 1 788
2 7 1 687
2 10 1 244
2 13 1 556
2 14 1 521
2 15 1 948
2 16 1 972
2 17 1 642
2 20 1 400
2 21 1 899
2 22 1 305
2 27 1 854
2 28 1 359
2 29 1 564
2 30 1 106
2 32 1 531
2 35 1 906
2 37 1 636
2 39 1 204
7 12 1 568
7 14 1 797
7 17 1 904
7 19 1 173
7 20 1 185
7 24 1 425
7 25 1 761
7 27 1 759
7 28 1 197
7 29 1 253
7 30 1 141
7 31 1 558
7 34 1 108
7 36 1 203
7 37 1 378
7 38 1 323
7 39 1 652
7 40 1 884
8 9 1 662
8 13 1 292
8 15 1 920
8 16 1 592
8 18 1 464
8 19 1 812
8 22 1 635
8 23 1 429
8 25 1 491
8 26 1 456
8 27 1 582
8 28 1 331
8 30 1 901
8 32 1 924
8 33 1 109
8 35 1 636
9 10 1 569
9 12 1 578
9 13 1 531
9 14 1 639
9 16 1 175
9 17 1 238
9 19 1 215
9 23 1 916
9 26 1 942
9 27 1 388
9 28 1 205
9 30 1 458
9 31 1 384
9 33 1 716
9 34 1 329
9 35 1 540
9 37 1 709
10 12 1 404
10 19 1 720
10 20 1 351
10 23 1 652
10 25 1 889
10 27 1 904
10 28 1 459
10 29 1 551
10 31 1 1000
10 34 1 777
10 37 1 280
10 40 1 717
13 14 1 676
13 15 1 273
13 18 1 372
13 20 1 760
13 22 1 378
13 23 1 986
13 24 1 335
13 25 1 584
13 26 1 110
13 27 1 197
13 30 1 587
13 31 1 709
13 34 1 536
13 35 1 159
13 36 1 503
13 37 1 934
13 39 1 756
14 15 1 305
14 18 1 927
14 19 1 234
14 20 1 126
14 21 1 851
14 22 1 596
14 29 1 414
14 32 1 768
14 34 1 906
14 38 1 412
14 40 1 636
15 16 1 239
15 17 1 735
15 18 1 619
15 19 1 241
15 21 1 746
15 22 1 996
15 23 1 243
15 25 1 726
15 27 1 417
15 30 1 175
15 34 1 208
15 37 1 596
16 19 1 352
16 22 1 581
16 24 1 720
16 27 1 694
16 28 1 639
16 31 1 123
16 34 1 868
16 36 1 699
16 37 1 872
16 39 1 884
16 40 1 250
17 21 1 170
17 24 1 852
17 26 1 766
17 27 1 915
17 28 1 151
17 30 1 647
17 31 1 667
17 32 1 344
17 36 1 128
17 39 1 200
17 40 1 724
19 24 1 182
19 26 1 580
19 27 1 716
19 28 1 988
19 29 1 742
19 30 1 136
19 33 1 612
19 35 1 624
19 40 1 631
20 27 1 314
20 29 1 149
20 31 1 906
20 32 1 829
20 36 1 288
20 39 1 312
21 23 1 385
21 25 1 583
21 26 1 455
21 29 1 155
21 30 1 657
21 31 1 128
21 34 1 420
21 36 1 697
22 23 1 455
22 26 1 480
22 29 1 957
22 32 1 487
22 33 1 566
22 35 1 242
22 38 1 782
22 39 1 109
22 40 1 918
24 25 1 480
24 26 1 445
24 27 1 389
24 28 1 126
24 29 1 117
24 31 1 299
24 32 1 408
24 34 1 130
24 36 1 742
24 37 1 443
24 40 1 337
25 26 1 446
25 27 1 538
25 28 1 766
25 30 1 773
25 31 1 533
25 32 1 881
25 33 1 618
25 34 1 630
25 35 1 845
25 36 1 734
25 37 1 629
25 40 1 654
29 31 1 179
29 38 1 598
29 39 1 682
29 40 1 112
30 31 1 285
30 32 1 252
30 33 1 259
30 34 1 422
30 37 1 789
30 38 1 325
31 32 1 258
31 34 1 482
31 35 1 266
31 38 1 592
31 39 1 254
31 40 1 817
32 35 1 359
32 36 1 688
32 37 1 509
32 39 1 211
35 36 1 190
35 37 1 174
35 38 1 576
35 39 1 726
36 37 1 226
36 38 1 573
36 40 1 185
37 38 1 293
37 39 1 390
37 40 1 782
38 39 1 862
38 40 1 693
27 28 1 714
27 31 1 198
27 34 1 735
27 36 1 347
27 38 1 932
27 40 1 486
28 29 1 346
28 30 1 985
28 31 1 592
28 33 1 769
28 36 1 451
28 38 1 977
3 5 1 474
3 7 1 928
3 8 1 448
3 11 1 114
3 12 1 929
3 13 1 543
3 14 1 295
3 17 1 570
3 18 1 544
3 23 1 756
3 27 1 176
3 31 1 376
3 32 1 926
3 33 1 647
3 34 1 435
3 40 1 466
5 6 1 178
5 8 1 695
5 14 1 955
5 15 1 963
5 16 1 572
5 17 1 573
5 18 1 512
5 19 1 735
5 20 1 515
5 22 1 258
5 27 1 537
5 29 1 686
5 32 1 772
5 34 1 683
5 37 1 132
5 39 1 943
5 40 1 483
11 12 1 499
11 14 1 624
11 16 1 289
11 17 1 582
11 19 1 201
11 20 1 748
11 22 1 802
11 23 1 843
11 24 1 190
11 25 1 844
11 26 1 582
11 27 1 556
11 28 1 862
11 30 1 998
11 32 1 623
11 33 1 276
11 37 1 277
12 13 1 968
12 16 1 659
12 18 1 103
12 20 1 460
12 22 1 783
12 26 1 406
12 28 1 247
12 34 1 504
12 37 1 421
12 39 1 742
18 21 1 742
18 22 1 434
18 24 1 279
18 28 1 660
18 30 1 223
18 31 1 877
18 33 1 289
18 34 1 967
18 35 1 370
18 37 1 757
18 38 1 668
18 40 1 284
23 25 1 233
23 27 1 399
23 30 1 218
23 32 1 461
23 38 1 617
23 40 1 624
33 40 1 257
34 35 1 562
34 36 1 852
34 37 1 949
34 38 1 489
34 39 1 375
4 5 1 587
4 9 1 936
4 10 1 591
4 11 1 452
4 12 1 912
4 13 1 352
4 14 1 217
4 15 1 840
4 16 1 580
4 18 1 735
4 19 1 739
4 21 1 899
4 25 1 708
4 26 1 864
4 27 1 950
4 28 1 355
4 30 1 244
4 31 1 160
4 33 1 170
4 35 1 757
4 36 1 263
4 37 1 458
4 38 1 843
4 39 1 742
26 27 1 704
26 28 1 748
26 29 1 160
26 30 1 175
26 31 1 926
26 35 1 637
26 37 1 562
26 40 1 738
6 7 1 619
6 8 1 355
6 11 1 1000
6 14 1 402
6 15 1 305
6 16 1 822
6 17 1 331
6 18 1 424
6 19 1 724
6 20 1 752
6 25 1 489
6 34 1 233
6 35 1 314
6 36 1 593
6 37 1 715
