50 1194
1 3 0 490
1 6 0 954
1 7 0 722
1 9 0 861
1 11 0 748
1 12 0 146
1 13 0 210
1 15 0 289
1 16 0 563
1 18 0 917
1 19 0 679
1 20 0 516
1 21 0 386
1 23 0 382
1 27 0 238
1 30 0 185
1 31 0 781
1 33 0 397
1 35 0 168
1 39 0 548
1 40 0 100
1 41 0 956
1 45 0 327
1 46 0 720
1 48 0 114
1 49 0 922
1 50 0 235
3 4 0 249
3 5 0 419
3 6 0 430
3 7 0 843
3 8 0 611
3 11 0 373
3 13 0 461
3 14 0 591
3 18 0 290
3 20 0 280
3 22 0 153
3 25 0 745
3 26 0 909
3 27 0 273
3 28 0 109
3 30 0 497
3 32 0 568
3 33 0 276
3 34 0 256
3 35 0 964
3 38 0 726
3 39 0 410
3 42 0 291
3 49 0 752
3 50 0 206
6 7 0 330
6 10 0 343
6 11 0 415
6 12 0 428
6 15 0 106
6 16 0 634
6 18 0 302
6 19 0 691
6 22 0 299
6 26 0 116
6 27 0 208
6 29 0 738
6 30 0 683
6 31 0 862
6 32 0 707
6 33 0 786
6 34 0 176
6 37 0 260
6 44 0 899
6 49 0 226
6 50 0 519
7 8 0 606
7 18 0 513
7 22 0 251
7 23 0 976
7 26 0 453
7 30 0 347
7 31 0 150
7 32 0 954
7 34 0 108
7 38 0 155
7 40 0 699
7 46 0 387
7 48 0 528
7 50 0 836
9 15 0 715
9 20 0 185
9 21 0 591
9 25 0 894
9 26 0 181
9 28 0 377
9 31 0 992
9 32 0 433
9 35 0 511
9 36 0 343
9 37 0 496
9 39 0 262
9 40 0 407
9 42 0 164
9 43 0 299
9 47 0 799
9 49 0 309
9 50 0 926
11 13 0 799
11 16 0 909
11 18 0 381
11 19 0 793
11 22 0 846
11 23 0 888
11 24 0 406
11 27 0 990
11 28 0 978
11 31 0 997
11 35 0 494
11 37 0 949
11 38 0 401
11 39 0 889
11 40 0 651
11 42 0 977
11 43 0 594
11 46 0 355
11 49 0 365
12 13 0 388
12 15 0 513
12 19 0 394
12 20 0 867
12 21 0 835
12 22 0 988
12 26 0 282
12 27 0 419
12 29 0 133
12 33 0 103
12 34 0 936
12 41 0 541
12 43 0 327
12 44 0 853
12 46 0 108
12 47 0 562
12 48 0 908
12 50 0 194
13 20 0 617
13 21 0 551
13 22 0 709
13 23 0 220
13 24 0 911
13 26 0 123
13 27 0 337
13 28 0 945
13 29 0 265
13 31 0 161
13 32 0 223
13 33 0 342
13 34 0 205
13 35 0 871
13 36 0 373
13 38 0 471
13 42 0 478
13 44 0 757
13 49 0 238
13 50 0 588
15 16 0 878
15 17 0 607
15 21 0 439
15 22 0 561
15 24 0 562
15 25 0 582
15 26 0 799
15 27 0 940
15 28 0 875
15 29 0 485
15 30 0 633
15 33 0 289
15 35 0 885
15 39 0 926
15 40 0 428
15 43 0 737
15 44 0 964
15 45 0 482
15 47 0 770
15 50 0 755
16 19 0 652
16 21 0 416
16 24 0 248
16 25 0 643
16 28 0 958
16 30 0 700
16 31 0 823
16 32 0 788
16 33 0 341
16 34 0 567
16 36 0 491
16 37 0 985
16 40 0 518
16 43 0 443
16 45 0 825
16 49 0 577
16 50 0 783
18 19 0 825
18 21 0 452
18 23 0 579
18 24 0 839
18 29 0 949
18 32 0 198
18 33 0 356
18 34 0 612
18 37 0 494
18 38 0 675
18 39 0 124
18 40 0 435
18 41 0 361
18 42 0 763
18 43 0 569
18 44 0 330
18 46 0 422
18 49 0 592
18 50 0 954
19 20 0 525
19 23 0 270
19 27 0 167
19 30 0 869
19 32 0 187
19 34 0 734
19 35 0 212
19 36 0 125
19 38 0 901
19 40 0 461
19 42 0 410
19 44 0 954
19 47 0 728
19 49 0 994
19 50 0 897
20 23 0 177
20 24 0 315
20 26 0 880
20 30 0 589
20 31 0 897
20 32 0 132
20 33 0 497
20 37 0 572
20 38 0 532
20 41 0 944
20 42 0 386
20 44 0 173
20 48 0 574
20 49 0 746
20 50 0 795
21 23 0 122
21 24 0 719
21 25 0 543
21 29 0 407
21 35 0 240
21 36 0 377
21 37 0 450
21 38 0 377
21 39 0 223
21 41 0 721
21 42 0 471
21 46 0 902
21 47 0 831
21 48 0 261
21 49 0 858
21 50 0 780
23 29 0 833
23 31 0 194
23 36 0 829
23 39 0 865
23 44 0 354
23 48 0 262
23 49 0 238
23 50 0 892
27 31 0 193
27 33 0 343
27 35 0 124
27 36 0 721
27 37 0 605
27 38 0 273
27 42 0 558
27 45 0 148
27 48 0 765
27 49 0 798
27 50 0 657
30 31 0 512
30 32 0 235
30 34 0 948
30 37 0 683
30 41 0 967
30 44 0 786
30 48 0 102
30 49 0 856
31 32 0 185
31 34 0 581
31 36 0 384
31 40 0 118
31 41 0 944
31 44 0 307
31 45 0 245
31 46 0 359
31 47 0 444
31 48 0 865
31 49 0 604
33 34 0 303
33 35 0 133
33 37 0 116
33 40 0 290
33 42 0 603
33 43 0 941
33 46 0 764
33 48 0 947
35 39 0 788
35 40 0 337
35 43 0 716
35 44 0 384
35 45 0 241
35 47 0 284
35 48 0 433
39 45 0 377
39 46 0 656
39 48 0 523
40 42 0 563
40 44 0 838
40 45 0 384
40 48 0 219
40 49 0 534
41 42 0 471
41 43 0 679
41 45 0 983
41 46 0 168
41 49 0 376
41 50 0 731
45 49 0 263
46 47 0 488
46 50 0 892
48 50 0 479
49 50 0 792
2 4 0 462
2 6 0 230
2 10 0 395
2 11 0 342
2 12 0 383
2 13 0 932
2 15 0 859
2 16 0 899
2 20 0 241
2 22 0 895
2 23 0 914
2 24 0 423
2 25 0 750
2 26 0 330
2 29 0 766
2 30 0 291
2 35 0 357
2 36 0 284
2 39 0 122
2 41 0 665
2 43 0 886
2 44 0 819
2 46 0 741
2 48 0 910
2 49 0 335
4 5 0 672
4 6 0 544
4 7 0 160
4 10 0 945
4 13 0 210
4 14 0 490
4 15 0 894
4 16 0 707
4 20 0 204
4 21 0 325
4 24 0 704
4 33 0 963
4 35 0 516
4 37 0 216
4 38 0 139
4 39 0 495
4 40 0 453
4 41 0 324
4 42 0 331
4 43 0 904
4 44 0 750
4 48 0 131
10 11 0 461
10 12 0 688
10 13 0 935
10 15 0 725
10 18 0 439
10 21 0 125
10 22 0 764
10 23 0 883
10 24 0 263
10 25 0 176
10 27 0 619
10 29 0 111
10 31 0 292
10 32 0 987
10 36 0 542
10 37 0 382
10 38 0 731
10 39 0 554
10 40 0 658
10 41 0 917
10 43 0 420
10 44 0 119
10 46 0 322
10 47 0 318
10 48 0 837
10 49 0 127
22 23 0 966
22 25 0 111
22 30 0 145
22 32 0 561
22 39 0 397
22 41 0 605
22 42 0 511
22 47 0 139
22 48 0 493
22 50 0 642
24 25 0 280
24 39 0 259
24 42 0 915
24 45 0 629
24 47 0 975
24 48 0 441
25 30 0 682
25 31 0 126
25 32 0 239
25 34 0 181
25 41 0 387
25 45 0 293
25 48 0 745
25 49 0 360
26 28 0 323
26 29 0 850
26 30 0 578
26 32 0 520
26 34 0 611
26 35 0 675
26 36 0 745
26 39 0 274
26 41 0 423
26 42 0 128
26 43 0 448
26 45 0 564
26 49 0 127
26 50 0 312
29 30 0 979
29 33 0 693
29 34 0 325
29 36 0 133
29 37 0 679
29 38 0 434
29 41 0 623
29 42 0 577
29 43 0 171
29 44 0 422
29 45 0 458
29 47 0 691
29 49 0 932
36 39 0 638
36 40 0 925
36 41 0 395
36 42 0 158
36 45 0 455
36 47 0 518
36 50 0 947
43 44 0 510
43 45 0 696
43 47 0 327
43 50 0 811
44 46 0 554
44 47 0 703
44 49 0 564
44 50 0 375
5 7 0 862
5 9 0 640
5 10 0 518
5 11 0 198
5 13 0 595
5 16 0 587
5 17 0 394
5 18 0 747
5 19 0 801
5 20 0 832
5 23 0 330
5 25 0 106
5 28 0 952
5 30 0 656
5 35 0 340
5 37 0 630
5 40 0 671
5 41 0 595
5 42 0 873
5 43 0 113
5 46 0 253
5 47 0 921
5 48 0 797
5 49 0 603
8 10 0 823
8 11 0 931
8 12 0 423
8 15 0 982
8 17 0 823
8 18 0 194
8 19 0 179
8 20 0 941
8 23 0 218
8 25 0 623
8 26 0 613
8 27 0 803
8 29 0 627
8 30 0 550
8 31 0 912
8 32 0 293
8 40 0 588
8 42 0 390
8 45 0 465
8 47 0 199
8 48 0 273
8 49 0 953
8 50 0 857
14 16 0 289
14 17 0 726
14 18 0 812
14 19 0 597
14 22 0 404
14 24 0 553
14 30 0 945
14 32 0 174
14 33 0 857
14 35 0 988
14 37 0 989
14 38 0 734
14 40 0 816
14 41 0 783
14 42 0 726
14 43 0 651
14 44 0 608
14 45 0 351
14 47 0 224
14 50 0 304
28 31 0 742
28 34 0 933
28 40 0 257
28 41 0 810
28 43 0 553
28 45 0 166
28 47 0 933
28 48 0 710
32 33 0 638
32 35 0 426
32 36 0 518
32 40 0 564
32 41 0 554
32 42 0 847
32 44 0 671
32 46 0 456
32 50 0 722
34 36 0 492
34 37 0 954
34 38 0 505
34 41 0 374
34 43 0 493
34 45 0 234
34 46 0 194
34 49 0 380
34 50 0 317
38 41 0 792
38 43 0 958
38 44 0 976
38 47 0 446
38 50 0 467
42 46 0 316
42 47 0 791
42 48 0 105
42 49 0 466
42 50 0 507
37 38 0 236
37 40 0 983
37 41 0 947
37 44 0 822
37 45 0 566
37 46 0 390
17 20 0 657
17 22 0 200
17 24 0 713
17 26 0 259
17 28 0 871
17 31 0 637
17 32 0 126
17 40 0 367
17 44 0 680
17 46 0 132
17 47 0 268
17 48 0 862
17 49 0 629
1 3 1 484
1 6 1 832
1 7 1 292
1 9 1 947
1 11 1 966
1 12 1 946
1 13 1 109
1 15 1 647
1 16 1 959
1 18 1 788
1 19 1 176
1 20 1 659
1 21 1 843
1 23 1 184
1 27 1 453
1 30 1 938
1 31 1 734
1 33 1 636
1 35 1 179
1 39 1 557
1 40 1 875
1 41 1 935
1 45 1 346
1 46 1 976
1 48 1 950
1 49 1 329
1 50 1 429
3 4 1 998
3 5 1 353
3 6 1 722
3 7 1 536
3 8 1 617
3 11 1 992
3 13 1 438
3 14 1 804
3 18 1 909
3 20 1 100
3 22 1 121
3 25 1 663
3 26 1 202
3 27 1 731
3 28 1 538
3 30 1 552
3 32 1 348
3 33 1 345
3 34 1 241
3 35 1 941
3 38 1 206
3 39 1 604
3 42 1 959
3 49 1 860
3 50 1 370
6 7 1 444
6 10 1 160
6 11 1 490
6 12 1 695
6 15 1 346
6 16 1 646
6 18 1 315
6 19 1 386
6 22 1 862
6 26 1 956
6 27 1 450
6 29 1 757
6 30 1 715
6 31 1 282
6 32 1 377
6 33 1 349
6 34 1 570
6 37 1 162
6 44 1 657
6 49 1 556
6 50 1 269
7 8 1 602
7 18 1 890
7 22 1 929
7 23 1 850
7 26 1 782
7 30 1 457
7 31 1 597
7 32 1 317
7 34 1 222
7 38 1 674
7 40 1 817
7 46 1 946
7 48 1 754
7 50 1 540
9 15 1 543
9 20 1 667
9 21 1 712
9 25 1 955
9 26 1 309
9 28 1 459
9 31 1 188
9 32 1 350
9 35 1 477
9 36 1 725
9 37 1 659
9 39 1 197
9 40 1 179
9 42 1 958
9 43 1 985
9 47 1 121
9 49 1 467
9 50 1 132
11 13 1 525
11 16 1 923
11 18 1 140
11 19 1 366
11 22 1 237
11 23 1 473
11 24 1 766
11 27 1 305
11 28 1 779
11 31 1 903
11 35 1 424
11 37 1 660
11 38 1 835
11 39 1 838
11 40 1 633
11 42 1 125
11 43 1 919
11 46 1 431
11 49 1 267
12 13 1 255
12 15 1 565
12 19 1 302
12 20 1 795
12 21 1 169
12 22 1 918
12 26 1 896
12 27 1 612
12 29 1 712
12 33 1 367
12 34 1 483
12 41 1 340
12 43 1 241
12 44 1 308
12 46 1 432
12 47 1 982
12 48 1 867
12 50 1 976
13 20 1 457
13 21 1 112
13 22 1 782
13 23 1 357
13 24 1 279
13 26 1 769
13 27 1 741
13 28 1 903
13 29 1 927
13 31 1 572
13 32 1 738
13 33 1 180
13 34 1 224
13 35 1 974
13 36 1 481
13 38 1 537
13 42 1 222
13 44 1 185
13 49 1 880
13 50 1 531
15 16 1 394
15 17 1 539
15 21 1 471
15 22 1 370
15 24 1 573
15 25 1 312
15 26 1 347
15 27 1 833
15 28 1 481
15 29 1 210
15 30 1 920
15 33 1 316
15 35 1 778
15 39 1 687
15 40 1 642
15 43 1 285
15 44 1 123
15 45 1 380
15 47 1 722
15 50 1 326
16 19 1 575
16 21 1 379
16 24 1 670
16 25 1 792
16 28 1 398
16 30 1 605
16 31 1 946
16 32 1 269
16 33 1 668
16 34 1 710
16 36 1 909
16 37 1 160
16 40 1 519
16 43 1 203
16 45 1 460
16 49 1 961
16 50 1 620
18 19 1 260
18 21 1 857
18 23 1 732
18 24 1 101
18 29 1 761
18 32 1 297
18 33 1 287
18 34 1 188
18 37 1 181
18 38 1 735
18 39 1 448
18 40 1 383
18 41 1 941
18 42 1 354
18 43 1 954
18 44 1 926
18 46 1 301
18 49 1 181
18 50 1 928
19 20 1 174
19 23 1 315
19 27 1 675
19 30 1 805
19 32 1 724
19 34 1 126
19 35 1 802
19 36 1 535
19 38 1 558
19 40 1 874
19 42 1 307
19 44 1 614
19 47 1 337
19 49 1 406
19 50 1 974
20 23 1 459
20 24 1 967
20 26 1 829
20 30 1 531
20 31 1 457
20 32 1 472
20 33 1 610
20 37 1 907
20 38 1 484
20 41 1 108
20 42 1 885
20 44 1 868
20 48 1 863
20 49 1 602
20 50 1 158
21 23 1 316
21 24 1 809
21 25 1 199
21 29 1 383
21 35 1 999
21 36 1 832
21 37 1 385
21 38 1 819
21 39 1 246
21 41 1 942
21 42 1 231
21 46 1 151
21 47 1 401
21 48 1 948
21 49 1 563
21 50 1 782
23 29 1 606
23 31 1 421
23 36 1 946
23 39 1 113
23 44 1 675
23 48 1 325
23 49 1 816
23 50 1 525
27 31 1 165
27 33 1 742
27 35 1 827
27 36 1 753
27 37 1 326
27 38 1 889
27 42 1 727
27 45 1 443
27 48 1 975
27 49 1 599
27 50 1 806
30 31 1 998
30 32 1 210
30 34 1 434
30 37 1 918
30 41 1 801
30 44 1 642
30 48 1 958
30 49 1 969
31 32 1 417
31 34 1 284
31 36 1 395
31 40 1 904
31 41 1 526
31 44 1 696
31 45 1 836
31 46 1 859
31 47 1 159
31 48 1 883
31 49 1 545
33 34 1 429
33 35 1 709
33 37 1 617
33 40 1 467
33 42 1 622
33 43 1 904
33 46 1 767
33 48 1 271
35 39 1 314
35 40 1 414
35 43 1 383
35 44 1 888
35 45 1 514
35 47 1 814
35 48 1 441
39 45 1 539
39 46 1 448
39 48 1 457
40 42 1 779
40 44 1 206
40 45 1 811
40 48 1 584
40 49 1 620
41 42 1 266
41 43 1 736
41 45 1 313
41 46 1 144
41 49 1 918
41 50 1 752
45 49 1 968
46 47 1 683
46 50 1 490
48 50 1 853
49 50 1 470
2 4 1 963
2 6 1 900
2 10 1 661
2 11 1 858
2 12 1 883
2 13 1 354
2 15 1 110
2 16 1 114
2 20 1 366
2 22 1 697
2 23 1 740
2 24 1 861
2 25 1 263
2 26 1 178
2 29 1 990
2 30 1 993
2 35 1 368
2 36 1 584
2 39 1 224
2 41 1 783
2 43 1 731
2 44 1 947
2 46 1 470
2 48 1 919
2 49 1 847
4 5 1 995
4 6 1 715
4 7 1 214
4 10 1 480
4 13 1 501
4 14 1 381
4 15 1 299
4 16 1 138
4 20 1 905
4 21 1 159
4 24 1 410
4 33 1 631
4 35 1 871
4 37 1 158
4 38 1 741
4 39 1 188
4 40 1 270
4 41 1 421
4 42 1 266
4 43 1 593
4 44 1 513
4 48 1 477
10 11 1 939
10 12 1 805
10 13 1 963
10 15 1 663
10 18 1 250
10 21 1 596
10 22 1 369
10 23 1 631
10 24 1 332
10 25 1 114
10 27 1 627
10 29 1 369
10 31 1 369
10 32 1 904
10 36 1 634
10 37 1 440
10 38 1 116
10 39 1 718
10 40 1 577
10 41 1 197
10 43 1 790
10 44 1 271
10 46 1 247
10 47 1 128
10 48 1 647
10 49 1 861
22 23 1 862
22 25 1 838
22 30 1 863
22 32 1 679
22 39 1 546
22 41 1 857
22 42 1 978
22 47 1 340
22 48 1 896
22 50 1 233
24 25 1 498
24 39 1 292
24 42 1 483
24 45 1 241
24 47 1 732
24 48 1 987
25 30 1 734
25 31 1 393
25 32 1 196
25 34 1 207
25 41 1 323
25 45 1 858
25 48 1 613
25 49 1 321
26 28 1 531
26 29 1 311
26 30 1 929
26 32 1 320
26 34 1 392
26 35 1 168
26 36 1 661
26 39 1 724
26 41 1 829
26 42 1 172
26 43 1 803
26 45 1 352
26 49 1 482
26 50 1 488
29 30 1 135
29 33 1 839
29 34 1 915
29 36 1 294
29 37 1 951
29 38 1 767
29 41 1 864
29 42 1 213
29 43 1 796
29 44 1 710
29 45 1 578
29 47 1 172
29 49 1 899
36 39 1 740
36 40 1 257
36 41 1 844
36 42 1 921
36 45 1 744
36 47 1 940
36 50 1 638
43 44 1 684
43 45 1 261
43 47 1 416
43 50 1 873
44 46 1 233
44 47 1 215
44 49 1 517
44 50 1 702
5 7 1 313
5 9 1 521
5 10 1 385
5 11 1 914
5 13 1 322
5 16 1 901
5 17 1 892
5 18 1 205
5 19 1 335
5 20 1 105
5 23 1 337
5 25 1 690
5 28 1 585
5 30 1 205
5 35 1 498
5 37 1 300
5 40 1 835
5 41 1 341
5 42 1 515
5 43 1 834
5 46 1 346
5 47 1 128
5 48 1 932
5 49 1 128
8 10 1 207
8 11 1 122
8 12 1 794
8 15 1 539
8 17 1 249
8 18 1 675
8 19 1 649
8 20 1 902
8 23 1 866
8 25 1 487
8 26 1 472
8 27 1 440
8 29 1 612
8 30 1 240
8 31 1 386
8 32 1 627
8 40 1 491
8 42 1 257
8 45 1 530
8 47 1 570
8 48 1 307
8 49 1 812
8 50 1 460
14 16 1 760
14 17 1 374
14 18 1 228
14 19 1 155
14 22 1 370
14 24 1 662
14 30 1 811
14 32 1 238
14 33 1 470
14 35 1 517
14 37 1 567
14 38 1 413
14 40 1 610
14 41 1 803
14 42 1 847
14 43 1 208
14 44 1 330
14 45 1 160
14 47 1 362
14 50 1 795
28 31 1 989
28 34 1 503
28 40 1 773
28 41 1 864
28 43 1 956
28 45 1 891
28 47 1 725
28 48 1 204
32 33 1 280
32 35 1 690
32 36 1 663
32 40 1 467
32 41 1 152
32 42 1 757
32 44 1 858
32 46 1 568
32 50 1 650
34 36 1 272
34 37 1 631
34 38 1 868
34 41 1 894
34 43 1 469
34 45 1 832
34 46 1 154
34 49 1 534
34 50 1 600
38 41 1 816
38 43 1 379
38 44 1 282
38 47 1 714
38 50 1 508
42 46 1 566
42 47 1 122
42 48 1 682
42 49 1 350
42 50 1 839
37 38 1 459
37 40 1 971
37 41 1 877
37 44 1 742
37 45 1 769
37 46 1 836
17 20 1 336
17 22 1 439
17 24 1 428
17 26 1 198
17 28 1 819
17 31 1 130
17 32 1 980
17 40 1 269
17 44 1 566
17 46 1 805
17 47 1 660
17 48 1 490
17 49 1 429
