60 1792
1 2 0 331
1 7 0 938
1 8 0 741
1 16 0 362
1 17 0 869
1 21 0 336
1 25 0 618
1 26 0 420
1 28 0 120
1 29 0 783
1 30 0 161
1 32 0 157
1 33 0 641
1 34 0 677
1 36 0 210
1 37 0 466
1 39 0 767
1 43 0 602
1 44 0 457
1 45 0 639
1 49 0 497
1 51 0 851
1 53 0 971
1 54 0 577
1 55 0 724
1 58 0 160
1 59 0 519
1 60 0 642
2 3 0 872
2 4 0 317
2 5 0 955
2 6 0 249
2 8 0 893
2 9 0 795
2 14 0 680
2 15 0 234
2 16 0 649
2 18 0 201
2 19 0 808
2 20 0 641
2 21 0 549
2 22 0 673
2 23 0 614
2 26 0 529
2 27 0 300
2 28 0 119
2 31 0 562
2 39 0 474
2 42 0 767
2 47 0 825
2 48 0 718
2 49 0 842
2 51 0 564
2 52 0 250
2 53 0 786
2 56 0 522
2 57 0 857
2 60 0 819
7 8 0 716
7 10 0 244
7 11 0 475
7 12 0 497
7 13 0 144
7 16 0 915
7 18 0 988
7 23 0 371
7 26 0 580
7 29 0 128
7 32 0 394
7 33 0 223
7 34 0 874
7 37 0 762
7 38 0 662
7 39 0 499
7 41 0 779
7 42 0 387
7 45 0 655
7 47 0 754
7 49 0 753
7 50 0 289
7 55 0 295
7 57 0 476
7 58 0 681
7 59 0 337
8 9 0 208
8 11 0 272
8 12 0 623
8 13 0 311
8 15 0 885
8 18 0 734
8 24 0 902
8 26 0 711
8 27 0 428
8 28 0 413
8 30 0 654
8 31 0 319
8 32 0 128
8 34 0 369
8 37 0 368
8 40 0 338
8 46 0 459
8 48 0 224
8 49 0 583
8 50 0 977
8 51 0 665
8 54 0 732
8 59 0 891
16 17 0 837
16 18 0 279
16 19 0 439
16 21 0 430
16 22 0 903
16 24 0 467
16 25 0 568
16 27 0 886
16 32 0 655
16 33 0 734
16 37 0 203
16 41 0 439
16 42 0 195
16 46 0 453
16 47 0 702
16 52 0 464
16 53 0 547
16 56 0 281
16 57 0 837
16 58 0 248
16 60 0 604
17 18 0 730
17 20 0 687
17 21 0 654
17 22 0 232
17 27 0 117
17 28 0 369
17 30 0 403
17 31 0 943
17 32 0 738
17 36 0 325
17 37 0 287
17 40 0 336
17 42 0 742
17 43 0 744
17 47 0 454
17 48 0 639
17 49 0 254
17 50 0 929
17 52 0 967
17 54 0 819
17 60 0 348
21 22 0 454
21 23 0 751
21 24 0 856
21 26 0 851
21 29 0 480
21 32 0 463
21 33 0 156
21 35 0 569
21 37 0 840
21 38 0 815
21 39 0 528
21 40 0 251
21 44 0 812
21 45 0 941
21 46 0 719
21 48 0 737
21 49 0 366
21 51 0 927
21 52 0 313
21 53 0 337
21 56 0 203
25 27 0 129
25 30 0 307
25 31 0 718
25 33 0 604
25 34 0 128
25 36 0 739
25 37 0 434
25 41 0 507
25 43 0 363
25 45 0 958
25 48 0 987
25 51 0 670
25 53 0 414
25 56 0 429
25 57 0 236
25 59 0 589
25 60 0 514
26 28 0 741
26 29 0 133
26 31 0 819
26 34 0 737
26 35 0 403
26 37 0 171
26 39 0 250
26 40 0 266
26 41 0 577
26 42 0 392
26 46 0 960
26 49 0 714
26 50 0 566
26 51 0 186
26 53 0 853
26 56 0 923
26 59 0 401
26 60 0 566
28 30 0 212
28 33 0 111
28 34 0 624
28 38 0 684
28 39 0 400
28 40 0 844
28 41 0 818
28 44 0 985
28 45 0 858
28 47 0 389
28 48 0 583
28 49 0 778
28 51 0 914
28 53 0 708
28 57 0 600
28 58 0 539
29 30 0 528
29 31 0 544
29 32 0 829
29 36 0 118
29 38 0 481
29 41 0 788
29 47 0 333
29 49 0 745
29 50 0 859
29 51 0 735
29 52 0 181
29 55 0 929
29 58 0 218
29 60 0 847
30 33 0 236
30 34 0 692
30 35 0 307
30 36 0 519
30 37 0 580
30 39 0 349
30 40 0 692
30 42 0 852
30 47 0 800
30 51 0 320
30 52 0 376
30 53 0 223
30 55 0 546
30 56 0 949
32 33 0 344
32 40 0 618
32 41 0 663
32 45 0 571
32 49 0 460
32 52 0 417
32 53 0 398
32 55 0 427
32 58 0 626
32 59 0 761
33 35 0 551
33 37 0 912
33 38 0 813
33 40 0 111
33 43 0 239
33 44 0 265
33 45 0 992
33 50 0 659
33 51 0 925
33 52 0 324
33 53 0 375
33 56 0 704
33 58 0 741
33 60 0 844
34 36 0 888
34 44 0 814
34 45 0 381
34 46 0 582
34 47 0 412
34 48 0 725
34 49 0 842
34 51 0 387
34 54 0 430
34 55 0 550
34 57 0 398
34 60 0 768
36 37 0 349
36 38 0 366
36 39 0 501
36 42 0 147
36 43 0 659
36 46 0 582
36 47 0 435
36 48 0 506
36 50 0 154
36 52 0 995
36 53 0 824
36 55 0 155
36 56 0 245
36 58 0 319
36 60 0 255
37 40 0 999
37 43 0 295
37 44 0 736
37 46 0 809
37 47 0 173
37 48 0 152
37 52 0 466
37 54 0 565
37 57 0 568
37 59 0 112
37 60 0 136
39 40 0 112
39 41 0 326
39 43 0 806
39 47 0 131
39 48 0 584
39 49 0 544
39 50 0 918
39 53 0 582
39 54 0 198
39 56 0 425
39 57 0 661
39 59 0 334
43 44 0 304
43 48 0 493
43 50 0 516
43 54 0 221
43 55 0 945
43 56 0 194
43 60 0 824
44 47 0 413
44 49 0 724
44 53 0 990
44 56 0 793
44 59 0 358
45 46 0 309
45 47 0 870
45 51 0 599
45 53 0 232
45 54 0 717
45 58 0 120
45 60 0 175
49 51 0 415
49 52 0 650
49 53 0 489
49 55 0 383
49 56 0 398
49 59 0 447
49 60 0 402
51 53 0 868
51 54 0 556
51 55 0 187
51 56 0 820
51 57 0 825
51 59 0 104
53 58 0 203
53 59 0 996
54 56 0 994
54 58 0 769
54 59 0 563
54 60 0 908
55 56 0 356
55 59 0 954
58 59 0 397
59 60 0 349
3 5 0 601
3 9 0 423
3 13 0 477
3 14 0 627
3 16 0 957
3 18 0 362
3 21 0 802
3 23 0 152
3 24 0 414
3 26 0 512
3 29 0 359
3 36 0 559
3 40 0 883
3 41 0 275
3 43 0 731
3 44 0 444
3 46 0 578
3 47 0 108
3 49 0 228
3 50 0 326
3 51 0 362
3 52 0 215
3 54 0 387
3 56 0 175
3 57 0 575
3 58 0 756
3 59 0 531
4 6 0 140
4 7 0 147
4 8 0 304
4 11 0 716
4 17 0 146
4 19 0 266
4 20 0 306
4 22 0 900
4 23 0 711
4 24 0 913
4 25 0 638
4 29 0 505
4 31 0 383
4 33 0 224
4 34 0 417
4 37 0 730
4 38 0 659
4 39 0 398
4 41 0 442
4 45 0 738
4 47 0 897
4 48 0 873
4 49 0 535
4 51 0 734
4 54 0 254
4 60 0 285
5 9 0 757
5 10 0 135
5 11 0 154
5 14 0 955
5 15 0 257
5 16 0 830
5 17 0 302
5 21 0 825
5 22 0 530
5 23 0 694
5 24 0 518
5 27 0 609
5 28 0 550
5 31 0 325
5 32 0 423
5 35 0 735
5 36 0 805
5 37 0 130
5 39 0 756
5 42 0 168
5 51 0 375
5 53 0 915
5 54 0 205
5 55 0 232
5 56 0 557
5 57 0 666
5 58 0 787
6 8 0 735
6 12 0 571
6 14 0 430
6 16 0 835
6 17 0 496
6 18 0 543
6 19 0 403
6 20 0 151
6 21 0 936
6 25 0 699
6 28 0 270
6 31 0 110
6 34 0 438
6 37 0 627
6 38 0 294
6 39 0 760
6 40 0 576
6 41 0 938
6 42 0 270
6 44 0 101
6 46 0 298
6 48 0 286
6 49 0 485
6 53 0 853
6 54 0 424
6 55 0 438
6 56 0 812
9 10 0 953
9 11 0 612
9 12 0 276
9 13 0 195
9 16 0 422
9 17 0 821
9 19 0 303
9 20 0 106
9 21 0 726
9 22 0 481
9 23 0 535
9 24 0 832
9 25 0 581
9 26 0 795
9 27 0 503
9 28 0 838
9 29 0 364
9 30 0 100
9 31 0 150
9 33 0 332
9 35 0 396
9 36 0 317
9 37 0 1000
9 39 0 999
9 40 0 593
9 42 0 378
9 45 0 668
9 47 0 706
9 48 0 794
9 49 0 489
9 50 0 656
9 53 0 962
9 54 0 951
9 55 0 487
9 57 0 243
9 59 0 178
9 60 0 362
14 16 0 379
14 17 0 716
14 18 0 640
14 19 0 939
14 20 0 764
14 21 0 137
14 23 0 443
14 30 0 697
14 32 0 510
14 33 0 514
14 34 0 358
14 39 0 310
14 40 0 388
14 43 0 862
14 44 0 988
14 48 0 838
14 50 0 125
14 52 0 479
14 53 0 418
14 54 0 203
14 55 0 381
14 57 0 779
14 60 0 168
15 16 0 421
15 18 0 563
15 20 0 989
15 24 0 293
15 25 0 559
15 26 0 823
15 29 0 795
15 31 0 789
15 32 0 270
15 34 0 180
15 36 0 756
15 37 0 516
15 38 0 177
15 39 0 622
15 40 0 572
15 41 0 765
15 43 0 355
15 45 0 493
15 46 0 239
15 49 0 592
15 51 0 189
15 52 0 703
15 53 0 995
15 54 0 251
15 55 0 174
15 58 0 136
15 59 0 672
15 60 0 106
18 19 0 711
18 21 0 344
18 22 0 720
18 25 0 126
18 30 0 746
18 33 0 274
18 34 0 562
18 37 0 606
18 38 0 172
18 40 0 864
18 41 0 301
18 43 0 466
18 44 0 422
18 45 0 717
18 49 0 271
18 53 0 866
18 54 0 232
18 55 0 419
18 56 0 942
18 59 0 338
19 20 0 926
19 22 0 886
19 24 0 819
19 25 0 603
19 28 0 228
19 33 0 136
19 35 0 585
19 36 0 993
19 37 0 287
19 38 0 788
19 40 0 433
19 41 0 398
19 44 0 910
19 46 0 727
19 47 0 184
19 50 0 530
19 52 0 372
19 53 0 629
19 54 0 377
19 55 0 331
19 56 0 356
19 58 0 807
19 59 0 715
19 60 0 429
20 22 0 358
20 26 0 309
20 27 0 109
20 28 0 724
20 29 0 926
20 31 0 414
20 32 0 519
20 34 0 869
20 36 0 900
20 37 0 635
20 38 0 306
20 43 0 935
20 47 0 934
20 49 0 267
20 51 0 104
20 53 0 555
20 54 0 170
20 56 0 957
20 60 0 770
22 27 0 348
22 28 0 622
22 29 0 484
22 30 0 976
22 35 0 1000
22 40 0 925
22 43 0 650
22 50 0 636
22 51 0 725
22 52 0 462
22 53 0 599
22 54 0 535
22 56 0 844
22 60 0 651
23 26 0 349
23 29 0 207
23 31 0 949
23 33 0 866
23 35 0 187
23 36 0 182
23 37 0 523
23 38 0 759
23 40 0 377
23 42 0 415
23 44 0 470
23 45 0 776
23 47 0 234
23 53 0 476
23 54 0 804
23 55 0 358
23 56 0 698
23 60 0 809
27 28 0 395
27 31 0 887
27 34 0 925
27 36 0 231
27 42 0 563
27 43 0 280
27 46 0 181
27 47 0 614
27 48 0 525
27 50 0 298
27 51 0 107
27 52 0 631
27 53 0 232
27 54 0 364
27 56 0 115
27 57 0 786
27 58 0 652
27 59 0 816
31 33 0 816
31 35 0 817
31 37 0 244
31 38 0 563
31 39 0 606
31 40 0 144
31 41 0 254
31 44 0 680
31 45 0 901
31 46 0 968
31 48 0 955
31 50 0 386
31 51 0 500
31 55 0 171
31 56 0 714
31 57 0 118
31 60 0 827
42 48 0 572
42 49 0 663
42 51 0 947
42 52 0 919
42 54 0 198
42 55 0 677
42 56 0 995
42 57 0 388
42 58 0 450
42 59 0 323
42 60 0 531
47 48 0 739
47 49 0 633
47 52 0 234
47 53 0 608
47 54 0 340
47 55 0 152
47 56 0 801
47 57 0 691
47 60 0 999
48 49 0 782
48 50 0 675
48 51 0 893
48 54 0 198
48 57 0 464
48 58 0 896
48 60 0 397
52 53 0 975
52 55 0 535
56 57 0 759
56 58 0 921
56 60 0 730
57 59 0 580
57 60 0 237
13 16 0 733
13 19 0 869
13 20 0 652
13 21 0 570
13 25 0 400
13 27 0 257
13 28 0 859
13 29 0 528
13 30 0 655
13 31 0 649
13 32 0 858
13 34 0 660
13 35 0 162
13 36 0 216
13 40 0 502
13 44 0 569
13 46 0 885
13 47 0 792
13 48 0 762
13 49 0 583
13 50 0 465
13 51 0 657
13 52 0 296
13 55 0 230
13 56 0 361
13 57 0 685
13 58 0 485
13 60 0 696
24 26 0 915
24 27 0 758
24 32 0 554
24 33 0 986
24 34 0 131
24 37 0 215
24 39 0 797
24 44 0 398
24 45 0 815
24 46 0 117
24 47 0 529
24 48 0 915
24 51 0 205
24 52 0 955
24 53 0 564
24 54 0 194
24 56 0 717
24 59 0 134
40 42 0 535
40 43 0 570
40 44 0 893
40 46 0 899
40 50 0 422
40 53 0 456
40 54 0 738
40 56 0 523
40 58 0 947
40 59 0 865
41 42 0 348
41 46 0 158
41 48 0 675
41 49 0 620
41 50 0 559
41 51 0 639
41 52 0 176
41 53 0 733
41 56 0 505
41 58 0 564
41 60 0 115
46 47 0 939
46 49 0 443
46 50 0 343
46 52 0 804
46 57 0 668
46 58 0 293
46 59 0 999
46 60 0 516
50 52 0 743
50 54 0 100
50 55 0 267
50 59 0 280
11 14 0 762
11 15 0 517
11 16 0 226
11 17 0 856
11 18 0 352
11 20 0 629
11 22 0 490
11 25 0 149
11 28 0 968
11 30 0 972
11 32 0 157
11 35 0 402
11 38 0 952
11 39 0 111
11 40 0 435
11 42 0 235
11 43 0 525
11 47 0 262
11 48 0 996
11 49 0 294
11 50 0 256
11 53 0 175
11 54 0 535
11 55 0 968
11 59 0 277
11 60 0 368
38 39 0 367
38 42 0 639
38 43 0 292
38 44 0 188
38 46 0 279
38 49 0 614
38 52 0 545
38 55 0 321
38 58 0 726
38 60 0 358
10 11 0 397
10 12 0 206
10 13 0 896
10 14 0 213
10 15 0 457
10 16 0 983
10 19 0 593
10 20 0 432
10 25 0 249
10 30 0 673
10 32 0 618
10 34 0 316
10 36 0 818
10 37 0 518
10 38 0 265
10 45 0 508
10 46 0 789
10 47 0 360
10 48 0 656
10 49 0 827
10 50 0 218
10 53 0 671
35 37 0 458
35 42 0 355
35 43 0 818
35 44 0 877
35 45 0 416
35 48 0 826
35 50 0 436
35 51 0 692
35 55 0 867
35 56 0 780
35 57 0 678
35 58 0 759
35 59 0 611
12 13 0 904
12 15 0 336
12 16 0 464
12 21 0 568
12 23 0 737
12 26 0 306
12 27 0 259
12 28 0 717
12 29 0 464
12 30 0 596
12 35 0 967
12 36 0 877
12 41 0 739
12 42 0 660
12 45 0 878
12 46 0 257
12 48 0 537
12 51 0 558
12 53 0 197
12 54 0 199
12 57 0 408
12 59 0 800
1 2 1 586
1 7 1 584
1 8 1 372
1 16 1 713
1 17 1 443
1 21 1 433
1 25 1 318
1 26 1 239
1 28 1 290
1 29 1 150
1 30 1 584
1 32 1 290
1 33 1 285
1 34 1 218
1 36 1 468
1 37 1 749
1 39 1 517
1 43 1 723
1 44 1 946
1 45 1 415
1 49 1 919
1 51 1 239
1 53 1 399
1 54 1 558
1 55 1 422
1 58 1 666
1 59 1 460
1 60 1 570
2 3 1 191
2 4 1 827
2 5 1 469
2 6 1 628
2 8 1 765
2 9 1 219
2 14 1 702
2 15 1 397
2 16 1 612
2 18 1 196
2 19 1 247
2 20 1 208
2 21 1 635
2 22 1 613
2 23 1 850
2 26 1 399
2 27 1 826
2 28 1 625
2 31 1 369
2 39 1 445
2 42 1 901
2 47 1 794
2 48 1 433
2 49 1 699
2 51 1 929
2 52 1 969
2 53 1 685
2 56 1 981
2 57 1 548
2 60 1 519
7 8 1 444
7 10 1 225
7 11 1 981
7 12 1 907
7 13 1 134
7 16 1 907
7 18 1 217
7 23 1 849
7 26 1 719
7 29 1 470
7 32 1 380
7 33 1 155
7 34 1 909
7 37 1 597
7 38 1 882
7 39 1 356
7 41 1 372
7 42 1 382
7 45 1 668
7 47 1 280
7 49 1 848
7 50 1 238
7 55 1 278
7 57 1 729
7 58 1 335
7 59 1 423
8 9 1 172
8 11 1 403
8 12 1 270
8 13 1 307
8 15 1 840
8 18 1 621
8 24 1 295
8 26 1 490
8 27 1 356
8 28 1 818
8 30 1 457
8 31 1 911
8 32 1 926
8 34 1 483
8 37 1 474
8 40 1 269
8 46 1 784
8 48 1 934
8 49 1 243
8 50 1 771
8 51 1 953
8 54 1 628
8 59 1 156
16 17 1 188
16 18 1 432
16 19 1 362
16 21 1 804
16 22 1 192
16 24 1 971
16 25 1 929
16 27 1 256
16 32 1 477
16 33 1 101
16 37 1 453
16 41 1 744
16 42 1 700
16 46 1 584
16 47 1 801
16 52 1 874
16 53 1 131
16 56 1 596
16 57 1 892
16 58 1 779
16 60 1 637
17 18 1 748
17 20 1 246
17 21 1 263
17 22 1 105
17 27 1 506
17 28 1 280
17 30 1 463
17 31 1 104
17 32 1 923
17 36 1 708
17 37 1 819
17 40 1 187
17 42 1 650
17 43 1 795
17 47 1 977
17 48 1 688
17 49 1 668
17 50 1 569
17 52 1 302
17 54 1 893
17 60 1 206
21 22 1 626
21 23 1 375
21 24 1 450
21 26 1 764
21 29 1 347
21 32 1 362
21 33 1 498
21 35 1 295
21 37 1 794
21 38 1 460
21 39 1 650
21 40 1 912
21 44 1 447
21 45 1 642
21 46 1 892
21 48 1 702
21 49 1 515
21 51 1 557
21 52 1 472
21 53 1 191
21 56 1 482
25 27 1 313
25 30 1 447
25 31 1 934
25 33 1 164
25 34 1 891
25 36 1 956
25 37 1 488
25 41 1 591
25 43 1 359
25 45 1 723
25 48 1 435
25 51 1 696
25 53 1 911
25 56 1 708
25 57 1 622
25 59 1 352
25 60 1 955
26 28 1 169
26 29 1 190
26 31 1 758
26 34 1 240
26 35 1 191
26 37 1 540
26 39 1 886
26 40 1 599
26 41 1 295
26 42 1 711
26 46 1 344
26 49 1 880
26 50 1 987
26 51 1 722
26 53 1 509
26 56 1 441
26 59 1 866
26 60 1 589
28 30 1 433
28 33 1 212
28 34 1 298
28 38 1 294
28 39 1 531
28 40 1 336
28 41 1 172
28 44 1 585
28 45 1 915
28 47 1 348
28 48 1 659
28 49 1 445
28 51 1 885
28 53 1 275
28 57 1 500
28 58 1 878
29 30 1 708
29 31 1 365
29 32 1 155
29 36 1 135
29 38 1 100
29 41 1 326
29 47 1 232
29 49 1 596
29 50 1 135
29 51 1 817
29 52 1 718
29 55 1 386
29 58 1 508
29 60 1 459
30 33 1 243
30 34 1 953
30 35 1 730
30 36 1 630
30 37 1 977
30 39 1 921
30 40 1 120
30 42 1 452
30 47 1 936
30 51 1 552
30 52 1 438
30 53 1 858
30 55 1 388
30 56 1 146
32 33 1 719
32 40 1 454
32 41 1 491
32 45 1 110
32 49 1 407
32 52 1 994
32 53 1 195
32 55 1 283
32 58 1 378
32 59 1 761
33 35 1 738
33 37 1 502
33 38 1 962
33 40 1 752
33 43 1 414
33 44 1 726
33 45 1 778
33 50 1 763
33 51 1 583
33 52 1 908
33 53 1 402
33 56 1 502
33 58 1 597
33 60 1 956
34 36 1 278
34 44 1 139
34 45 1 181
34 46 1 444
34 47 1 762
34 48 1 609
34 49 1 124
34 51 1 445
34 54 1 149
34 55 1 182
34 57 1 393
34 60 1 315
36 37 1 924
36 38 1 183
36 39 1 303
36 42 1 982
36 43 1 667
36 46 1 526
36 47 1 398
36 48 1 931
36 50 1 253
36 52 1 615
36 53 1 341
36 55 1 901
36 56 1 828
36 58 1 943
36 60 1 580
37 40 1 946
37 43 1 180
37 44 1 165
37 46 1 630
37 47 1 753
37 48 1 749
37 52 1 352
37 54 1 437
37 57 1 747
37 59 1 260
37 60 1 451
39 40 1 303
39 41 1 669
39 43 1 227
39 47 1 325
39 48 1 350
39 49 1 547
39 50 1 643
39 53 1 276
39 54 1 768
39 56 1 946
39 57 1 152
39 59 1 476
43 44 1 930
43 48 1 503
43 50 1 270
43 54 1 867
43 55 1 448
43 56 1 198
43 60 1 814
44 47 1 213
44 49 1 995
44 53 1 221
44 56 1 733
44 59 1 226
45 46 1 877
45 47 1 504
45 51 1 110
45 53 1 721
45 54 1 152
45 58 1 363
45 60 1 320
49 51 1 990
49 52 1 958
49 53 1 860
49 55 1 905
49 56 1 624
49 59 1 987
49 60 1 406
51 53 1 568
51 54 1 256
51 55 1 732
51 56 1 146
51 57 1 131
51 59 1 291
53 58 1 682
53 59 1 841
54 56 1 205
54 58 1 169
54 59 1 564
54 60 1 396
55 56 1 340
55 59 1 990
58 59 1 419
59 60 1 372
3 5 1 314
3 9 1 221
3 13 1 484
3 14 1 763
3 16 1 469
3 18 1 873
3 21 1 945
3 23 1 726
3 24 1 329
3 26 1 767
3 29 1 413
3 36 1 429
3 40 1 265
3 41 1 888
3 43 1 911
3 44 1 292
3 46 1 902
3 47 1 507
3 49 1 582
3 50 1 547
3 51 1 988
3 52 1 888
3 54 1 788
3 56 1 259
3 57 1 692
3 58 1 897
3 59 1 898
4 6 1 370
4 7 1 349
4 8 1 635
4 11 1 777
4 17 1 882
4 19 1 814
4 20 1 932
4 22 1 620
4 23 1 682
4 24 1 717
4 25 1 279
4 29 1 998
4 31 1 624
4 33 1 525
4 34 1 668
4 37 1 428
4 38 1 451
4 39 1 628
4 41 1 371
4 45 1 171
4 47 1 444
4 48 1 626
4 49 1 462
4 51 1 452
4 54 1 859
4 60 1 796
5 9 1 150
5 10 1 642
5 11 1 352
5 14 1 878
5 15 1 932
5 16 1 342
5 17 1 552
5 21 1 304
5 22 1 101
5 23 1 163
5 24 1 994
5 27 1 497
5 28 1 368
5 31 1 660
5 32 1 568
5 35 1 181
5 36 1 149
5 37 1 212
5 39 1 573
5 42 1 776
5 51 1 387
5 53 1 629
5 54 1 579
5 55 1 537
5 56 1 214
5 57 1 650
5 58 1 216
6 8 1 142
6 12 1 943
6 14 1 421
6 16 1 424
6 17 1 790
6 18 1 511
6 19 1 968
6 20 1 412
6 21 1 162
6 25 1 294
6 28 1 247
6 31 1 122
6 34 1 880
6 37 1 339
6 38 1 289
6 39 1 917
6 40 1 875
6 41 1 282
6 42 1 385
6 44 1 112
6 46 1 645
6 48 1 757
6 49 1 178
6 53 1 299
6 54 1 306
6 55 1 508
6 56 1 152
9 10 1 200
9 11 1 263
9 12 1 780
9 13 1 970
9 16 1 171
9 17 1 188
9 19 1 550
9 20 1 231
9 21 1 363
9 22 1 671
9 23 1 689
9 24 1 530
9 25 1 154
9 26 1 773
9 27 1 538
9 28 1 400
9 29 1 174
9 30 1 461
9 31 1 985
9 33 1 784
9 35 1 680
9 36 1 997
9 37 1 558
9 39 1 967
9 40 1 528
9 42 1 846
9 45 1 566
9 47 1 904
9 48 1 791
9 49 1 126
9 50 1 657
9 53 1 303
9 54 1 505
9 55 1 396
9 57 1 372
9 59 1 656
9 60 1 258
14 16 1 249
14 17 1 252
14 18 1 519
14 19 1 208
14 20 1 814
14 21 1 753
14 23 1 257
14 30 1 894
14 32 1 525
14 33 1 393
14 34 1 278
14 39 1 610
14 40 1 587
14 43 1 497
14 44 1 758
14 48 1 552
14 50 1 486
14 52 1 245
14 53 1 115
14 54 1 655
14 55 1 290
14 57 1 307
14 60 1 795
15 16 1 121
15 18 1 931
15 20 1 943
15 24 1 441
15 25 1 407
15 26 1 188
15 29 1 185
15 31 1 791
15 32 1 743
15 34 1 528
15 36 1 152
15 37 1 190
15 38 1 377
15 39 1 683
15 40 1 625
15 41 1 924
15 43 1 101
15 45 1 608
15 46 1 550
15 49 1 199
15 51 1 297
15 52 1 628
15 53 1 715
15 54 1 168
15 55 1 110
15 58 1 330
15 59 1 475
15 60 1 510
18 19 1 230
18 21 1 716
18 22 1 309
18 25 1 479
18 30 1 814
18 33 1 966
18 34 1 697
18 37 1 625
18 38 1 292
18 40 1 397
18 41 1 884
18 43 1 965
18 44 1 666
18 45 1 224
18 49 1 889
18 53 1 405
18 54 1 545
18 55 1 346
18 56 1 923
18 59 1 414
19 20 1 517
19 22 1 202
19 24 1 298
19 25 1 173
19 28 1 128
19 33 1 400
19 35 1 186
19 36 1 417
19 37 1 893
19 38 1 189
19 40 1 457
19 41 1 665
19 44 1 166
19 46 1 511
19 47 1 820
19 50 1 237
19 52 1 224
19 53 1 844
19 54 1 163
19 55 1 976
19 56 1 562
19 58 1 793
19 59 1 965
19 60 1 682
20 22 1 887
20 26 1 522
20 27 1 292
20 28 1 583
20 29 1 821
20 31 1 670
20 32 1 644
20 34 1 971
20 36 1 208
20 37 1 436
20 38 1 836
20 43 1 580
20 47 1 824
20 49 1 552
20 51 1 251
20 53 1 564
20 54 1 254
20 56 1 709
20 60 1 237
22 27 1 955
22 28 1 462
22 29 1 198
22 30 1 713
22 35 1 911
22 40 1 288
22 43 1 764
22 50 1 877
22 51 1 862
22 52 1 262
22 53 1 353
22 54 1 425
22 56 1 550
22 60 1 801
23 26 1 395
23 29 1 291
23 31 1 733
23 33 1 238
23 35 1 199
23 36 1 882
23 37 1 176
23 38 1 518
23 40 1 383
23 42 1 684
23 44 1 231
23 45 1 847
23 47 1 232
23 53 1 168
23 54 1 662
23 55 1 404
23 56 1 461
23 60 1 489
27 28 1 593
27 31 1 695
27 34 1 505
27 36 1 270
27 42 1 313
27 43 1 458
27 46 1 653
27 47 1 684
27 48 1 517
27 50 1 516
27 51 1 767
27 52 1 484
27 53 1 618
27 54 1 246
27 56 1 185
27 57 1 271
27 58 1 968
27 59 1 254
31 33 1 110
31 35 1 903
31 37 1 655
31 38 1 148
31 39 1 780
31 40 1 994
31 41 1 122
31 44 1 273
31 45 1 692
31 46 1 143
31 48 1 689
31 50 1 972
31 51 1 638
31 55 1 891
31 56 1 372
31 57 1 837
31 60 1 160
42 48 1 982
42 49 1 456
42 51 1 742
42 52 1 425
42 54 1 750
42 55 1 196
42 56 1 527
42 57 1 606
42 58 1 403
42 59 1 410
42 60 1 617
47 48 1 637
47 49 1 976
47 52 1 828
47 53 1 306
47 54 1 820
47 55 1 977
47 56 1 966
47 57 1 976
47 60 1 832
48 49 1 849
48 50 1 676
48 51 1 320
48 54 1 623
48 57 1 413
48 58 1 666
48 60 1 358
52 53 1 251
52 55 1 519
56 57 1 769
56 58 1 575
56 60 1 726
57 59 1 565
57 60 1 314
13 16 1 547
13 19 1 101
13 20 1 777
13 21 1 114
13 25 1 509
13 27 1 158
13 28 1 869
13 29 1 291
13 30 1 791
13 31 1 580
13 32 1 353
13 34 1 431
13 35 1 867
13 36 1 179
13 40 1 171
13 44 1 715
13 46 1 247
13 47 1 125
13 48 1 158
13 49 1 527
13 50 1 296
13 51 1 572
13 52 1 366
13 55 1 120
13 56 1 572
13 57 1 257
13 58 1 952
13 60 1 733
24 26 1 279
24 27 1 901
24 32 1 819
24 33 1 186
24 34 1 943
24 37 1 828
24 39 1 868
24 44 1 275
24 45 1 513
24 46 1 837
24 47 1 345
24 48 1 598
24 51 1 344
24 52 1 265
24 53 1 665
24 54 1 440
24 56 1 856
24 59 1 314
40 42 1 879
40 43 1 346
40 44 1 728
40 46 1 188
40 50 1 215
40 53 1 834
40 54 1 663
40 56 1 642
40 58 1 402
40 59 1 633
41 42 1 245
41 46 1 962
41 48 1 181
41 49 1 422
41 50 1 942
41 51 1 805
41 52 1 158
41 53 1 305
41 56 1 893
41 58 1 774
41 60 1 504
46 47 1 236
46 49 1 309
46 50 1 106
46 52 1 171
46 57 1 182
46 58 1 993
46 59 1 476
46 60 1 897
50 52 1 332
50 54 1 703
50 55 1 135
50 59 1 785
11 14 1 475
11 15 1 451
11 16 1 487
11 17 1 415
11 18 1 938
11 20 1 258
11 22 1 125
11 25 1 197
11 28 1 894
11 30 1 675
11 32 1 682
11 35 1 445
11 38 1 434
11 39 1 304
11 40 1 917
11 42 1 502
11 43 1 547
11 47 1 656
11 48 1 635
11 49 1 173
11 50 1 107
11 53 1 853
11 54 1 329
11 55 1 600
11 59 1 178
11 60 1 649
38 39 1 959
38 42 1 262
38 43 1 571
38 44 1 810
38 46 1 705
38 49 1 553
38 52 1 511
38 55 1 861
38 58 1 184
38 60 1 108
10 11 1 247
10 12 1 966
10 13 1 905
10 14 1 105
10 15 1 634
10 16 1 330
10 19 1 156
10 20 1 962
10 25 1 322
10 30 1 902
10 32 1 630
10 34 1 850
10 36 1 203
10 37 1 754
10 38 1 301
10 45 1 341
10 46 1 496
10 47 1 221
10 48 1 809
10 49 1 290
10 50 1 345
10 53 1 928
35 37 1 117
35 42 1 668
35 43 1 373
35 44 1 910
35 45 1 753
35 48 1 780
35 50 1 260
35 51 1 594
35 55 1 106
35 56 1 990
35 57 1 218
35 58 1 768
35 59 1 291
12 13 1 151
12 15 1 349
12 16 1 435
12 21 1 643
12 23 1 828
12 26 1 766
12 27 1 489
12 28 1 839
12 29 1 909
12 30 1 551
12 35 1 183
12 36 1 379
12 41 1 514
12 42 1 186
12 45 1 288
12 46 1 932
12 48 1 772
12 51 1 157
12 53 1 892
12 54 1 556
12 57 1 628
12 59 1 516
