70 2466
1 2 0 798
1 3 0 583
1 4 0 524
1 5 0 648
1 9 0 164
1 11 0 904
1 12 0 103
1 14 0 421
1 15 0 980
1 16 0 865
1 19 0 144
1 22 0 463
1 27 0 462
1 28 0 516
1 29 0 978
1 32 0 578
1 34 0 602
1 35 0 968
1 36 0 681
1 37 0 811
1 39 0 994
1 42 0 153
1 44 0 668
1 47 0 767
1 50 0 201
1 52 0 701
1 53 0 137
1 56 0 357
1 57 0 455
1 59 0 542
1 60 0 822
1 62 0 357
1 63 0 380
1 66 0 479
1 67 0 435
1 68 0 999
2 3 0 226
2 6 0 490
2 7 0 372
2 8 0 995
2 10 0 209
2 11 0 962
2 12 0 853
2 13 0 581
2 14 0 264
2 19 0 273
2 20 0 926
2 23 0 367
2 25 0 161
2 26 0 644
2 28 0 994
2 29 0 544
2 31 0 247
2 32 0 868
2 40 0 489
2 41 0 491
2 43 0 396
2 44 0 129
2 48 0 536
2 49 0 953
2 50 0 302
2 52 0 301
2 53 0 903
2 55 0 174
2 56 0 936
2 58 0 428
2 64 0 965
2 65 0 344
2 66 0 837
2 67 0 469
2 69 0 648
2 70 0 769
3 7 0 289
3 8 0 808
3 14 0 596
3 15 0 683
3 16 0 508
3 19 0 500
3 20 0 219
3 25 0 667
3 26 0 127
3 30 0 301
3 31 0 908
3 33 0 466
3 34 0 461
3 35 0 413
3 37 0 730
3 38 0 912
3 50 0 671
3 53 0 193
3 54 0 556
3 55 0 256
3 58 0 221
3 63 0 519
3 64 0 601
3 68 0 401
3 69 0 634
3 70 0 357
4 8 0 893
4 14 0 732
4 15 0 634
4 16 0 631
4 18 0 345
4 23 0 920
4 27 0 905
4 28 0 162
4 30 0 707
4 32 0 274
4 34 0 125
4 38 0 486
4 39 0 460
4 43 0 530
4 44 0 445
4 50 0 554
4 52 0 699
4 56 0 513
4 58 0 115
4 59 0 811
4 60 0 873
4 61 0 705
4 63 0 624
4 65 0 221
4 67 0 564
4 68 0 666
5 8 0 252
5 9 0 536
5 11 0 215
5 12 0 821
5 16 0 327
5 23 0 829
5 25 0 679
5 26 0 844
5 28 0 100
5 29 0 473
5 30 0 919
5 34 0 200
5 36 0 624
5 39 0 323
5 40 0 789
5 45 0 675
5 46 0 480
5 47 0 988
5 49 0 407
5 50 0 803
5 51 0 968
5 52 0 278
5 54 0 536
5 55 0 810
5 57 0 959
5 58 0 996
5 59 0 926
5 61 0 645
5 64 0 943
5 65 0 422
5 67 0 755
5 68 0 293
5 69 0 454
5 70 0 540
9 11 0 335
9 14 0 847
9 16 0 716
9 20 0 899
9 24 0 301
9 26 0 860
9 27 0 344
9 28 0 690
9 35 0 766
9 36 0 543
9 43 0 951
9 47 0 361
9 50 0 697
9 51 0 424
9 53 0 194
9 54 0 967
9 55 0 846
9 57 0 686
9 62 0 717
9 63 0 632
9 67 0 409
9 68 0 458
9 69 0 449
11 13 0 440
11 15 0 343
11 20 0 540
11 24 0 289
11 26 0 923
11 28 0 321
11 29 0 960
11 30 0 966
11 31 0 387
11 34 0 997
11 35 0 261
11 36 0 614
11 37 0 971
11 38 0 385
11 40 0 633
11 45 0 857
11 46 0 644
11 47 0 762
11 48 0 506
11 49 0 896
11 53 0 267
11 55 0 540
11 59 0 505
11 60 0 475
11 62 0 970
11 63 0 695
11 64 0 947
11 65 0 880
11 67 0 237
11 68 0 133
12 16 0 589
12 17 0 266
12 18 0 369
12 19 0 162
12 20 0 294
12 26 0 858
12 28 0 467
12 29 0 181
12 31 0 517
12 32 0 903
12 33 0 149
12 36 0 296
12 37 0 726
12 38 0 144
12 39 0 419
12 40 0 646
12 41 0 655
12 43 0 107
12 44 0 160
12 45 0 955
12 54 0 558
12 55 0 430
12 56 0 357
12 58 0 734
12 64 0 150
12 66 0 207
12 68 0 236
12 69 0 469
14 15 0 509
14 17 0 589
14 18 0 321
14 19 0 213
14 21 0 496
14 22 0 213
14 24 0 173
14 25 0 969
14 26 0 832
14 30 0 736
14 31 0 618
14 34 0 844
14 37 0 302
14 38 0 991
14 40 0 537
14 45 0 327
14 46 0 958
14 49 0 913
14 52 0 873
14 53 0 806
14 54 0 126
14 56 0 291
14 57 0 356
14 58 0 894
14 59 0 474
14 61 0 188
14 62 0 489
14 64 0 265
14 67 0 141
14 69 0 358
15 21 0 447
15 22 0 497
15 24 0 328
15 28 0 277
15 29 0 607
15 30 0 657
15 34 0 335
15 36 0 448
15 39 0 841
15 41 0 873
15 42 0 549
15 43 0 378
15 44 0 681
15 47 0 986
15 49 0 504
15 52 0 585
15 53 0 333
15 54 0 449
15 56 0 606
15 57 0 748
15 58 0 374
15 60 0 808
15 61 0 151
15 62 0 586
15 64 0 629
15 65 0 889
15 66 0 993
15 67 0 522
15 68 0 298
16 19 0 132
16 21 0 870
16 25 0 129
16 28 0 136
16 30 0 899
16 31 0 213
16 32 0 511
16 34 0 282
16 37 0 851
16 38 0 472
16 39 0 895
16 41 0 227
16 43 0 536
16 44 0 642
16 45 0 885
16 50 0 710
16 51 0 430
16 54 0 192
16 55 0 697
16 57 0 994
16 59 0 756
16 60 0 419
16 61 0 788
16 65 0 971
16 67 0 227
16 70 0 472
19 20 0 606
19 22 0 929
19 23 0 342
19 24 0 190
19 30 0 170
19 32 0 773
19 33 0 523
19 34 0 201
19 35 0 899
19 38 0 820
19 40 0 236
19 42 0 297
19 44 0 609
19 46 0 729
19 47 0 664
19 48 0 462
19 51 0 751
19 52 0 168
19 53 0 707
19 54 0 427
19 55 0 176
19 60 0 207
19 61 0 407
19 64 0 589
19 66 0 164
19 69 0 522
22 25 0 129
22 28 0 193
22 30 0 602
22 31 0 910
22 34 0 997
22 37 0 150
22 40 0 319
22 42 0 997
22 43 0 745
22 46 0 306
22 47 0 844
22 48 0 203
22 49 0 733
22 50 0 342
22 51 0 999
22 54 0 196
22 55 0 364
22 58 0 341
22 59 0 563
22 60 0 945
22 61 0 726
22 63 0 310
22 64 0 218
22 65 0 208
22 66 0 422
22 70 0 441
27 28 0 665
27 29 0 124
27 30 0 752
27 31 0 436
27 33 0 543
27 35 0 847
27 38 0 139
27 39 0 155
27 40 0 532
27 44 0 837
27 45 0 848
27 46 0 996
27 49 0 776
27 51 0 357
27 53 0 646
27 54 0 658
27 55 0 898
27 56 0 578
27 58 0 374
27 59 0 228
27 60 0 655
27 61 0 793
27 64 0 331
27 65 0 318
27 66 0 545
27 67 0 643
27 68 0 734
28 30 0 134
28 31 0 137
28 33 0 872
28 39 0 925
28 40 0 275
28 41 0 777
28 42 0 518
28 43 0 280
28 44 0 248
28 48 0 642
28 49 0 273
28 51 0 118
28 55 0 967
28 57 0 146
28 58 0 230
28 60 0 132
28 61 0 521
28 62 0 770
28 64 0 476
28 66 0 714
28 69 0 104
28 70 0 509
29 30 0 632
29 31 0 329
29 34 0 772
29 36 0 223
29 37 0 224
29 39 0 623
29 40 0 618
29 41 0 295
29 42 0 391
29 46 0 303
29 48 0 119
29 49 0 933
29 52 0 473
29 53 0 268
29 55 0 413
29 57 0 283
29 59 0 232
29 61 0 768
29 62 0 944
29 63 0 448
29 64 0 763
29 65 0 227
29 66 0 493
29 67 0 768
29 68 0 631
29 70 0 208
32 38 0 761
32 41 0 145
32 43 0 766
32 44 0 599
32 52 0 282
32 54 0 578
32 55 0 170
32 58 0 838
32 59 0 629
32 63 0 786
32 65 0 575
32 69 0 174
34 36 0 833
34 37 0 928
34 38 0 919
34 39 0 604
34 41 0 940
34 42 0 969
34 44 0 548
34 47 0 476
34 48 0 677
34 50 0 378
34 53 0 120
34 54 0 657
34 55 0 382
34 56 0 872
34 57 0 308
34 60 0 872
34 61 0 529
34 62 0 948
34 65 0 239
34 66 0 709
34 67 0 977
34 68 0 574
35 37 0 213
35 42 0 719
35 43 0 595
35 46 0 595
35 48 0 956
35 50 0 298
35 51 0 786
35 53 0 942
35 54 0 487
35 56 0 601
35 58 0 725
35 59 0 356
35 60 0 770
35 61 0 882
35 63 0 917
35 64 0 203
35 65 0 851
35 67 0 770
35 69 0 499
36 37 0 477
36 41 0 744
36 44 0 228
36 47 0 174
36 48 0 906
36 49 0 146
36 51 0 441
36 53 0 391
36 54 0 943
36 56 0 822
36 57 0 391
36 58 0 688
36 60 0 476
36 62 0 923
36 63 0 682
36 65 0 642
36 69 0 645
36 70 0 597
37 38 0 358
37 41 0 471
37 42 0 552
37 45 0 990
37 46 0 549
37 49 0 263
37 52 0 253
37 57 0 244
37 59 0 363
37 60 0 979
37 61 0 478
37 63 0 643
37 65 0 493
37 66 0 100
37 67 0 729
37 69 0 497
37 70 0 249
39 40 0 530
39 42 0 428
39 43 0 656
39 48 0 243
39 49 0 327
39 50 0 964
39 52 0 263
39 55 0 822
39 56 0 532
39 57 0 479
39 59 0 829
39 60 0 573
39 61 0 545
39 65 0 334
39 66 0 265
39 68 0 341
39 69 0 922
39 70 0 156
42 44 0 348
42 48 0 654
42 50 0 945
42 52 0 730
42 54 0 368
42 64 0 714
42 67 0 968
44 45 0 552
44 46 0 878
44 47 0 893
44 48 0 832
44 51 0 810
44 52 0 842
44 53 0 992
44 54 0 937
44 56 0 371
44 58 0 364
44 59 0 713
44 60 0 316
44 63 0 345
44 64 0 902
44 67 0 695
44 68 0 307
44 70 0 241
47 50 0 677
47 52 0 889
47 55 0 613
47 56 0 710
47 57 0 670
47 58 0 198
47 60 0 432
47 61 0 428
47 62 0 280
47 64 0 232
47 66 0 903
47 67 0 980
47 68 0 735
50 51 0 606
50 53 0 101
50 54 0 126
50 58 0 175
50 60 0 198
50 62 0 565
50 63 0 972
50 64 0 768
50 65 0 254
50 66 0 887
50 67 0 626
50 69 0 669
50 70 0 193
52 54 0 189
52 55 0 230
52 60 0 384
52 61 0 613
52 63 0 311
52 65 0 219
52 68 0 621
52 69 0 648
53 54 0 392
53 55 0 587
53 62 0 134
53 63 0 460
53 66 0 627
53 67 0 608
56 58 0 767
56 59 0 630
56 60 0 961
56 61 0 509
56 62 0 686
56 64 0 519
56 66 0 748
56 67 0 613
56 69 0 411
57 58 0 324
57 59 0 315
57 63 0 230
57 64 0 417
57 67 0 506
57 69 0 533
57 70 0 912
59 61 0 293
59 64 0 138
59 65 0 269
59 68 0 337
59 69 0 298
60 62 0 797
60 63 0 859
60 64 0 823
60 65 0 272
60 66 0 938
60 69 0 792
60 70 0 882
62 63 0 835
62 64 0 747
62 65 0 470
62 69 0 630
63 67 0 537
66 69 0 152
67 68 0 206
68 69 0 315
68 70 0 906
6 9 0 365
6 10 0 442
6 11 0 968
6 15 0 542
6 16 0 852
6 21 0 634
6 22 0 284
6 23 0 436
6 25 0 727
6 26 0 401
6 27 0 498
6 29 0 568
6 32 0 488
6 33 0 172
6 34 0 747
6 37 0 317
6 38 0 823
6 39 0 452
6 42 0 718
6 43 0 623
6 44 0 799
6 46 0 786
6 47 0 277
6 48 0 938
6 49 0 382
6 50 0 614
6 51 0 235
6 53 0 324
6 54 0 172
6 56 0 618
6 59 0 109
6 60 0 181
6 61 0 625
6 63 0 953
6 64 0 605
6 66 0 705
6 68 0 719
6 69 0 317
6 70 0 506
7 11 0 927
7 13 0 565
7 14 0 499
7 15 0 276
7 20 0 187
7 22 0 690
7 24 0 976
7 26 0 258
7 27 0 426
7 29 0 417
7 32 0 861
7 35 0 908
7 36 0 821
7 37 0 945
7 42 0 108
7 44 0 438
7 47 0 312
7 50 0 614
7 51 0 671
7 52 0 832
7 53 0 222
7 54 0 564
7 55 0 718
7 57 0 733
7 58 0 181
7 60 0 575
7 64 0 104
7 67 0 722
7 68 0 243
7 69 0 433
7 70 0 816
8 9 0 798
8 13 0 168
8 14 0 168
8 15 0 126
8 16 0 779
8 17 0 492
8 18 0 492
8 22 0 773
8 24 0 727
8 27 0 948
8 29 0 231
8 30 0 504
8 32 0 210
8 34 0 100
8 35 0 505
8 36 0 491
8 38 0 563
8 39 0 766
8 42 0 683
8 44 0 515
8 45 0 870
8 47 0 547
8 54 0 416
8 55 0 850
8 59 0 526
8 61 0 145
8 65 0 341
8 67 0 169
8 68 0 870
8 70 0 102
10 12 0 479
10 13 0 960
10 22 0 806
10 24 0 325
10 25 0 427
10 28 0 269
10 29 0 601
10 31 0 383
10 33 0 760
10 36 0 839
10 43 0 124
10 44 0 651
10 47 0 983
10 48 0 686
10 49 0 387
10 50 0 680
10 52 0 382
10 54 0 300
10 58 0 818
10 60 0 439
10 64 0 876
10 66 0 406
10 69 0 989
13 14 0 682
13 16 0 611
13 18 0 431
13 19 0 715
13 20 0 222
13 26 0 925
13 27 0 385
13 28 0 837
13 29 0 413
13 31 0 797
13 32 0 622
13 34 0 411
13 35 0 415
13 36 0 600
13 37 0 544
13 38 0 307
13 41 0 866
13 42 0 172
13 45 0 125
13 46 0 371
13 48 0 297
13 49 0 596
13 50 0 372
13 51 0 997
13 52 0 393
13 57 0 272
13 58 0 514
13 62 0 257
13 66 0 646
13 68 0 896
13 69 0 718
13 70 0 912
20 26 0 315
20 28 0 305
20 30 0 713
20 33 0 376
20 37 0 225
20 38 0 643
20 39 0 793
20 44 0 191
20 45 0 509
20 50 0 571
20 51 0 165
20 52 0 414
20 53 0 506
20 54 0 431
20 55 0 359
20 56 0 193
20 58 0 503
20 59 0 735
20 60 0 893
20 61 0 397
20 62 0 815
20 63 0 102
20 65 0 503
20 68 0 784
20 70 0 203
23 28 0 647
23 30 0 808
23 32 0 590
23 33 0 524
23 36 0 419
23 42 0 175
23 43 0 763
23 45 0 856
23 46 0 517
23 50 0 461
23 55 0 837
23 62 0 337
23 66 0 722
23 68 0 406
23 69 0 740
23 70 0 873
25 26 0 977
25 30 0 535
25 31 0 377
25 32 0 523
25 33 0 251
25 34 0 389
25 35 0 802
25 36 0 178
25 37 0 673
25 38 0 956
25 41 0 559
25 42 0 624
25 43 0 161
25 44 0 356
25 45 0 501
25 46 0 196
25 47 0 334
25 49 0 662
25 51 0 244
25 55 0 761
25 56 0 633
25 58 0 493
25 59 0 575
25 61 0 828
25 63 0 285
25 67 0 468
25 68 0 218
25 69 0 868
26 29 0 941
26 30 0 329
26 32 0 152
26 36 0 162
26 39 0 316
26 42 0 701
26 45 0 121
26 47 0 117
26 48 0 352
26 49 0 195
26 54 0 654
26 55 0 899
26 57 0 107
26 60 0 699
26 61 0 145
26 63 0 268
26 65 0 750
26 67 0 389
26 68 0 653
26 69 0 658
31 32 0 790
31 33 0 799
31 37 0 845
31 41 0 173
31 42 0 715
31 43 0 401
31 44 0 524
31 47 0 572
31 48 0 607
31 51 0 372
31 52 0 502
31 53 0 609
31 54 0 869
31 59 0 292
31 60 0 569
31 61 0 586
31 62 0 390
31 63 0 316
31 64 0 905
31 65 0 684
31 68 0 158
40 41 0 715
40 42 0 940
40 43 0 767
40 45 0 491
40 47 0 198
40 50 0 699
40 52 0 555
40 56 0 626
40 57 0 930
40 58 0 313
40 59 0 223
40 62 0 633
40 64 0 687
40 66 0 919
40 67 0 627
40 68 0 666
41 42 0 385
41 44 0 759
41 45 0 472
41 47 0 860
41 49 0 235
41 54 0 713
41 55 0 563
41 56 0 463
41 57 0 784
41 58 0 224
41 59 0 529
41 60 0 568
41 62 0 990
41 63 0 643
41 64 0 473
41 65 0 824
41 67 0 294
41 68 0 143
41 70 0 786
43 44 0 724
43 46 0 191
43 47 0 398
43 49 0 538
43 51 0 704
43 52 0 779
43 53 0 607
43 54 0 840
43 56 0 674
43 60 0 400
43 61 0 395
43 66 0 918
43 67 0 283
43 68 0 960
43 70 0 220
48 49 0 400
48 52 0 982
48 53 0 451
48 54 0 110
48 57 0 584
48 58 0 111
48 60 0 872
48 62 0 298
48 66 0 779
48 67 0 927
48 70 0 345
49 50 0 652
49 54 0 929
49 57 0 594
49 58 0 290
49 59 0 845
49 60 0 241
49 61 0 882
49 63 0 931
49 64 0 104
49 65 0 776
49 66 0 574
49 69 0 698
55 60 0 320
55 61 0 827
55 63 0 556
55 64 0 534
55 65 0 547
55 66 0 530
55 70 0 448
58 61 0 800
58 62 0 951
58 67 0 192
58 69 0 739
64 65 0 987
64 69 0 475
64 70 0 704
65 67 0 246
65 69 0 732
65 70 0 540
69 70 0 642
30 32 0 655
30 33 0 175
30 34 0 759
30 37 0 286
30 38 0 487
30 41 0 211
30 43 0 938
30 45 0 193
30 46 0 919
30 48 0 399
30 50 0 441
30 52 0 160
30 54 0 707
30 55 0 837
30 57 0 787
30 59 0 886
30 60 0 291
30 63 0 609
30 64 0 442
30 66 0 248
30 70 0 531
33 36 0 118
33 38 0 948
33 39 0 413
33 40 0 150
33 41 0 621
33 42 0 720
33 43 0 510
33 44 0 386
33 45 0 291
33 46 0 818
33 47 0 515
33 48 0 392
33 50 0 516
33 51 0 936
33 55 0 370
33 56 0 786
33 57 0 837
33 58 0 165
33 59 0 382
33 60 0 804
33 62 0 146
33 63 0 752
33 65 0 973
33 67 0 971
33 69 0 284
38 39 0 490
38 44 0 384
38 45 0 256
38 46 0 994
38 49 0 747
38 52 0 699
38 54 0 221
38 55 0 412
38 56 0 217
38 57 0 347
38 59 0 185
38 61 0 944
38 64 0 997
38 67 0 536
38 69 0 384
54 57 0 225
54 59 0 631
54 62 0 666
54 64 0 690
54 65 0 879
54 67 0 907
54 68 0 919
18 20 0 440
18 21 0 113
18 24 0 479
18 26 0 304
18 27 0 917
18 28 0 409
18 29 0 523
18 30 0 221
18 31 0 120
18 33 0 118
18 37 0 778
18 39 0 970
18 40 0 447
18 41 0 836
18 42 0 533
18 46 0 248
18 50 0 149
18 51 0 352
18 52 0 717
18 57 0 331
18 58 0 530
18 59 0 739
18 60 0 331
18 64 0 687
18 65 0 123
18 68 0 429
18 69 0 831
61 63 0 838
61 66 0 858
61 67 0 327
61 68 0 988
61 69 0 791
61 70 0 662
45 49 0 478
45 54 0 492
45 55 0 105
45 56 0 726
45 57 0 152
45 58 0 187
45 60 0 778
45 62 0 556
45 64 0 519
45 65 0 843
45 68 0 920
45 70 0 741
46 51 0 845
46 53 0 799
46 57 0 770
46 58 0 215
46 62 0 503
46 66 0 679
46 68 0 728
46 69 0 429
51 54 0 541
51 57 0 142
51 58 0 424
51 59 0 713
51 60 0 141
51 62 0 603
51 64 0 109
51 66 0 557
51 67 0 367
51 68 0 907
21 24 0 854
21 26 0 107
21 27 0 249
21 28 0 284
21 32 0 226
21 33 0 745
21 35 0 925
21 36 0 868
21 37 0 335
21 38 0 238
21 40 0 212
21 42 0 628
21 43 0 878
21 44 0 720
21 47 0 665
21 48 0 800
21 52 0 799
21 54 0 156
21 55 0 509
21 56 0 496
21 60 0 669
21 61 0 721
21 63 0 978
21 64 0 115
21 65 0 705
21 69 0 842
21 70 0 762
24 26 0 536
24 33 0 1000
24 34 0 621
24 35 0 451
24 37 0 623
24 38 0 367
24 39 0 842
24 41 0 301
24 42 0 136
24 43 0 291
24 44 0 198
24 45 0 231
24 46 0 436
24 47 0 395
24 49 0 484
24 53 0 382
24 54 0 700
24 55 0 398
24 57 0 356
24 59 0 442
24 63 0 710
24 64 0 450
24 65 0 680
24 67 0 127
24 68 0 214
24 69 0 645
17 19 0 307
17 21 0 488
17 22 0 425
17 23 0 542
17 26 0 755
17 28 0 700
17 29 0 870
17 30 0 826
17 31 0 778
17 32 0 503
17 34 0 353
17 35 0 404
17 36 0 579
17 38 0 299
17 39 0 945
17 42 0 711
17 45 0 969
17 47 0 459
17 48 0 680
17 50 0 660
17 51 0 988
17 52 0 744
17 53 0 631
17 54 0 991
17 55 0 297
17 56 0 789
17 57 0 991
17 58 0 303
17 59 0 849
17 60 0 946
17 62 0 815
17 64 0 581
17 67 0 511
17 69 0 865
17 70 0 280
1 2 1 232
1 3 1 729
1 4 1 159
1 5 1 595
1 9 1 245
1 11 1 147
1 12 1 925
1 14 1 243
1 15 1 628
1 16 1 555
1 19 1 188
1 22 1 144
1 27 1 777
1 28 1 921
1 29 1 385
1 32 1 647
1 34 1 923
1 35 1 811
1 36 1 836
1 37 1 201
1 39 1 795
1 42 1 667
1 44 1 839
1 47 1 149
1 50 1 396
1 52 1 676
1 53 1 311
1 56 1 695
1 57 1 624
1 59 1 668
1 60 1 862
1 62 1 600
1 63 1 922
1 66 1 725
1 67 1 427
1 68 1 787
2 3 1 232
2 6 1 152
2 7 1 553
2 8 1 196
2 10 1 774
2 11 1 934
2 12 1 108
2 13 1 808
2 14 1 681
2 19 1 284
2 20 1 947
2 23 1 656
2 25 1 920
2 26 1 233
2 28 1 318
2 29 1 148
2 31 1 186
2 32 1 729
2 40 1 529
2 41 1 394
2 43 1 752
2 44 1 580
2 48 1 994
2 49 1 962
2 50 1 335
2 52 1 210
2 53 1 689
2 55 1 926
2 56 1 943
2 58 1 736
2 64 1 719
2 65 1 762
2 66 1 671
2 67 1 164
2 69 1 290
2 70 1 137
3 7 1 259
3 8 1 557
3 14 1 170
3 15 1 427
3 16 1 421
3 19 1 262
3 20 1 611
3 25 1 487
3 26 1 586
3 30 1 981
3 31 1 903
3 33 1 540
3 34 1 954
3 35 1 614
3 37 1 703
3 38 1 893
3 50 1 214
3 53 1 471
3 54 1 785
3 55 1 712
3 58 1 747
3 63 1 784
3 64 1 630
3 68 1 666
3 69 1 861
3 70 1 514
4 8 1 685
4 14 1 339
4 15 1 806
4 16 1 461
4 18 1 378
4 23 1 490
4 27 1 979
4 28 1 481
4 30 1 322
4 32 1 706
4 34 1 489
4 38 1 889
4 39 1 557
4 43 1 572
4 44 1 707
4 50 1 744
4 52 1 269
4 56 1 339
4 58 1 820
4 59 1 495
4 60 1 827
4 61 1 810
4 63 1 614
4 65 1 270
4 67 1 796
4 68 1 880
5 8 1 248
5 9 1 233
5 11 1 171
5 12 1 330
5 16 1 558
5 23 1 789
5 25 1 563
5 26 1 559
5 28 1 342
5 29 1 720
5 30 1 145
5 34 1 246
5 36 1 636
5 39 1 511
5 40 1 509
5 45 1 381
5 46 1 613
5 47 1 117
5 49 1 998
5 50 1 612
5 51 1 214
5 52 1 465
5 54 1 343
5 55 1 798
5 57 1 181
5 58 1 264
5 59 1 561
5 61 1 862
5 64 1 366
5 65 1 945
5 67 1 588
5 68 1 479
5 69 1 110
5 70 1 202
9 11 1 135
9 14 1 888
9 16 1 314
9 20 1 663
9 24 1 972
9 26 1 204
9 27 1 595
9 28 1 984
9 35 1 299
9 36 1 249
9 43 1 483
9 47 1 218
9 50 1 651
9 51 1 252
9 53 1 937
9 54 1 650
9 55 1 968
9 57 1 657
9 62 1 864
9 63 1 610
9 67 1 902
9 68 1 725
9 69 1 349
11 13 1 998
11 15 1 420
11 20 1 563
11 24 1 931
11 26 1 925
11 28 1 431
11 29 1 960
11 30 1 279
11 31 1 962
11 34 1 349
11 35 1 611
11 36 1 665
11 37 1 383
11 38 1 924
11 40 1 510
11 45 1 373
11 46 1 133
11 47 1 702
11 48 1 376
11 49 1 411
11 53 1 136
11 55 1 148
11 59 1 930
11 60 1 197
11 62 1 394
11 63 1 406
11 64 1 338
11 65 1 382
11 67 1 362
11 68 1 914
12 16 1 139
12 17 1 978
12 18 1 105
12 19 1 225
12 20 1 998
12 26 1 552
12 28 1 258
12 29 1 670
12 31 1 752
12 32 1 927
12 33 1 857
12 36 1 240
12 37 1 404
12 38 1 470
12 39 1 180
12 40 1 928
12 41 1 246
12 43 1 854
12 44 1 916
12 45 1 274
12 54 1 845
12 55 1 532
12 56 1 514
12 58 1 229
12 64 1 263
12 66 1 233
12 68 1 208
12 69 1 678
14 15 1 711
14 17 1 978
14 18 1 280
14 19 1 447
14 21 1 295
14 22 1 499
14 24 1 111
14 25 1 960
14 26 1 606
14 30 1 878
14 31 1 774
14 34 1 721
14 37 1 695
14 38 1 758
14 40 1 675
14 45 1 560
14 46 1 277
14 49 1 533
14 52 1 712
14 53 1 911
14 54 1 100
14 56 1 856
14 57 1 461
14 58 1 689
14 59 1 451
14 61 1 386
14 62 1 710
14 64 1 418
14 67 1 538
14 69 1 295
15 21 1 446
15 22 1 153
15 24 1 729
15 28 1 342
15 29 1 517
15 30 1 395
15 34 1 759
15 36 1 114
15 39 1 153
15 41 1 818
15 42 1 710
15 43 1 439
15 44 1 667
15 47 1 681
15 49 1 903
15 52 1 944
15 53 1 701
15 54 1 916
15 56 1 244
15 57 1 214
15 58 1 429
15 60 1 286
15 61 1 626
15 62 1 595
15 64 1 649
15 65 1 734
15 66 1 998
15 67 1 517
15 68 1 649
16 19 1 321
16 21 1 645
16 25 1 363
16 28 1 845
16 30 1 424
16 31 1 353
16 32 1 194
16 34 1 986
16 37 1 953
16 38 1 928
16 39 1 407
16 41 1 158
16 43 1 245
16 44 1 912
16 45 1 525
16 50 1 933
16 51 1 310
16 54 1 606
16 55 1 452
16 57 1 136
16 59 1 668
16 60 1 751
16 61 1 575
16 65 1 199
16 67 1 758
16 70 1 354
19 20 1 350
19 22 1 710
19 23 1 529
19 24 1 232
19 30 1 624
19 32 1 248
19 33 1 505
19 34 1 549
19 35 1 948
19 38 1 922
19 40 1 106
19 42 1 505
19 44 1 213
19 46 1 541
19 47 1 518
19 48 1 476
19 51 1 474
19 52 1 577
19 53 1 960
19 54 1 910
19 55 1 424
19 60 1 443
19 61 1 235
19 64 1 615
19 66 1 842
19 69 1 108
22 25 1 785
22 28 1 470
22 30 1 970
22 31 1 150
22 34 1 206
22 37 1 288
22 40 1 607
22 42 1 196
22 43 1 781
22 46 1 517
22 47 1 116
22 48 1 617
22 49 1 979
22 50 1 290
22 51 1 615
22 54 1 848
22 55 1 184
22 58 1 116
22 59 1 526
22 60 1 622
22 61 1 632
22 63 1 805
22 64 1 977
22 65 1 816
22 66 1 719
22 70 1 633
27 28 1 659
27 29 1 228
27 30 1 898
27 31 1 126
27 33 1 595
27 35 1 572
27 38 1 558
27 39 1 681
27 40 1 510
27 44 1 517
27 45 1 833
27 46 1 748
27 49 1 928
27 51 1 875
27 53 1 159
27 54 1 904
27 55 1 828
27 56 1 532
27 58 1 696
27 59 1 102
27 60 1 127
27 61 1 948
27 64 1 744
27 65 1 218
27 66 1 799
27 67 1 365
27 68 1 306
28 30 1 345
28 31 1 570
28 33 1 946
28 39 1 470
28 40 1 553
28 41 1 716
28 42 1 866
28 43 1 278
28 44 1 595
28 48 1 362
28 49 1 979
28 51 1 574
28 55 1 943
28 57 1 682
28 58 1 317
28 60 1 372
28 61 1 206
28 62 1 658
28 64 1 909
28 66 1 218
28 69 1 954
28 70 1 908
29 30 1 979
29 31 1 425
29 34 1 237
29 36 1 300
29 37 1 961
29 39 1 395
29 40 1 618
29 41 1 246
29 42 1 626
29 46 1 804
29 48 1 944
29 49 1 597
29 52 1 219
29 53 1 386
29 55 1 435
29 57 1 775
29 59 1 205
29 61 1 724
29 62 1 537
29 63 1 804
29 64 1 338
29 65 1 893
29 66 1 414
29 67 1 714
29 68 1 597
29 70 1 988
32 38 1 286
32 41 1 256
32 43 1 691
32 44 1 982
32 52 1 977
32 54 1 188
32 55 1 728
32 58 1 690
32 59 1 594
32 63 1 952
32 65 1 562
32 69 1 794
34 36 1 418
34 37 1 301
34 38 1 924
34 39 1 222
34 41 1 444
34 42 1 684
34 44 1 946
34 47 1 319
34 48 1 964
34 50 1 836
34 53 1 318
34 54 1 633
34 55 1 999
34 56 1 938
34 57 1 745
34 60 1 113
34 61 1 827
34 62 1 630
34 65 1 208
34 66 1 435
34 67 1 526
34 68 1 418
35 37 1 925
35 42 1 385
35 43 1 431
35 46 1 157
35 48 1 497
35 50 1 172
35 51 1 569
35 53 1 302
35 54 1 459
35 56 1 931
35 58 1 759
35 59 1 856
35 60 1 508
35 61 1 696
35 63 1 746
35 64 1 591
35 65 1 564
35 67 1 341
35 69 1 648
36 37 1 595
36 41 1 375
36 44 1 618
36 47 1 429
36 48 1 310
36 49 1 788
36 51 1 358
36 53 1 902
36 54 1 859
36 56 1 807
36 57 1 662
36 58 1 272
36 60 1 568
36 62 1 432
36 63 1 535
36 65 1 242
36 69 1 330
36 70 1 758
37 38 1 995
37 41 1 870
37 42 1 933
37 45 1 799
37 46 1 998
37 49 1 480
37 52 1 282
37 57 1 552
37 59 1 840
37 60 1 591
37 61 1 343
37 63 1 622
37 65 1 378
37 66 1 867
37 67 1 478
37 69 1 529
37 70 1 425
39 40 1 814
39 42 1 336
39 43 1 249
39 48 1 231
39 49 1 640
39 50 1 516
39 52 1 738
39 55 1 436
39 56 1 951
39 57 1 785
39 59 1 950
39 60 1 709
39 61 1 419
39 65 1 127
39 66 1 688
39 68 1 823
39 69 1 688
39 70 1 516
42 44 1 510
42 48 1 744
42 50 1 791
42 52 1 761
42 54 1 282
42 64 1 177
42 67 1 218
44 45 1 172
44 46 1 683
44 47 1 158
44 48 1 870
44 51 1 562
44 52 1 432
44 53 1 626
44 54 1 391
44 56 1 792
44 58 1 190
44 59 1 385
44 60 1 761
44 63 1 385
44 64 1 659
44 67 1 552
44 68 1 900
44 70 1 435
47 50 1 858
47 52 1 668
47 55 1 548
47 56 1 922
47 57 1 898
47 58 1 852
47 60 1 332
47 61 1 239
47 62 1 606
47 64 1 248
47 66 1 768
47 67 1 264
47 68 1 395
50 51 1 522
50 53 1 875
50 54 1 456
50 58 1 403
50 60 1 521
50 62 1 532
50 63 1 922
50 64 1 950
50 65 1 148
50 66 1 179
50 67 1 611
50 69 1 635
50 70 1 683
52 54 1 200
52 55 1 715
52 60 1 694
52 61 1 942
52 63 1 181
52 65 1 642
52 68 1 210
52 69 1 818
53 54 1 756
53 55 1 572
53 62 1 328
53 63 1 974
53 66 1 493
53 67 1 432
56 58 1 149
56 59 1 799
56 60 1 723
56 61 1 892
56 62 1 715
56 64 1 842
56 66 1 986
56 67 1 360
56 69 1 114
57 58 1 799
57 59 1 565
57 63 1 668
57 64 1 548
57 67 1 906
57 69 1 924
57 70 1 317
59 61 1 828
59 64 1 796
59 65 1 377
59 68 1 410
59 69 1 396
60 62 1 241
60 63 1 826
60 64 1 897
60 65 1 108
60 66 1 791
60 69 1 781
60 70 1 942
62 63 1 780
62 64 1 679
62 65 1 889
62 69 1 868
63 67 1 482
66 69 1 939
67 68 1 470
68 69 1 951
68 70 1 493
6 9 1 758
6 10 1 655
6 11 1 580
6 15 1 485
6 16 1 487
6 21 1 959
6 22 1 327
6 23 1 637
6 25 1 909
6 26 1 135
6 27 1 857
6 29 1 291
6 32 1 915
6 33 1 304
6 34 1 276
6 37 1 179
6 38 1 523
6 39 1 916
6 42 1 741
6 43 1 427
6 44 1 498
6 46 1 842
6 47 1 189
6 48 1 322
6 49 1 908
6 50 1 546
6 51 1 517
6 53 1 434
6 54 1 281
6 56 1 516
6 59 1 850
6 60 1 719
6 61 1 951
6 63 1 340
6 64 1 226
6 66 1 214
6 68 1 367
6 69 1 884
6 70 1 942
7 11 1 576
7 13 1 758
7 14 1 760
7 15 1 543
7 20 1 403
7 22 1 426
7 24 1 311
7 26 1 177
7 27 1 172
7 29 1 468
7 32 1 823
7 35 1 878
7 36 1 874
7 37 1 407
7 42 1 946
7 44 1 948
7 47 1 789
7 50 1 810
7 51 1 590
7 52 1 210
7 53 1 154
7 54 1 317
7 55 1 816
7 57 1 359
7 58 1 520
7 60 1 277
7 64 1 786
7 67 1 179
7 68 1 957
7 69 1 697
7 70 1 669
8 9 1 988
8 13 1 141
8 14 1 214
8 15 1 887
8 16 1 431
8 17 1 293
8 18 1 643
8 22 1 252
8 24 1 615
8 27 1 587
8 29 1 301
8 30 1 159
8 32 1 338
8 34 1 675
8 35 1 522
8 36 1 869
8 38 1 484
8 39 1 953
8 42 1 272
8 44 1 199
8 45 1 825
8 47 1 605
8 54 1 337
8 55 1 935
8 59 1 558
8 61 1 204
8 65 1 673
8 67 1 283
8 68 1 817
8 70 1 386
10 12 1 293
10 13 1 830
10 22 1 586
10 24 1 965
10 25 1 440
10 28 1 494
10 29 1 328
10 31 1 444
10 33 1 273
10 36 1 233
10 43 1 361
10 44 1 746
10 47 1 446
10 48 1 453
10 49 1 358
10 50 1 737
10 52 1 658
10 54 1 573
10 58 1 244
10 60 1 876
10 64 1 460
10 66 1 656
10 69 1 237
13 14 1 400
13 16 1 327
13 18 1 356
13 19 1 793
13 20 1 915
13 26 1 287
13 27 1 434
13 28 1 466
13 29 1 267
13 31 1 649
13 32 1 640
13 34 1 742
13 35 1 959
13 36 1 477
13 37 1 358
13 38 1 734
13 41 1 977
13 42 1 884
13 45 1 586
13 46 1 157
13 48 1 157
13 49 1 147
13 50 1 701
13 51 1 905
13 52 1 699
13 57 1 305
13 58 1 578
13 62 1 506
13 66 1 637
13 68 1 821
13 69 1 612
13 70 1 400
20 26 1 942
20 28 1 292
20 30 1 702
20 33 1 242
20 37 1 880
20 38 1 980
20 39 1 799
20 44 1 395
20 45 1 834
20 50 1 432
20 51 1 337
20 52 1 289
20 53 1 474
20 54 1 460
20 55 1 815
20 56 1 144
20 58 1 156
20 59 1 983
20 60 1 638
20 61 1 516
20 62 1 914
20 63 1 186
20 65 1 211
20 68 1 802
20 70 1 972
23 28 1 538
23 30 1 792
23 32 1 546
23 33 1 912
23 36 1 367
23 42 1 389
23 43 1 937
23 45 1 226
23 46 1 367
23 50 1 346
23 55 1 884
23 62 1 786
23 66 1 275
23 68 1 412
23 69 1 945
23 70 1 266
25 26 1 556
25 30 1 244
25 31 1 767
25 32 1 857
25 33 1 556
25 34 1 768
25 35 1 205
25 36 1 174
25 37 1 362
25 38 1 898
25 41 1 577
25 42 1 399
25 43 1 289
25 44 1 979
25 45 1 497
25 46 1 353
25 47 1 620
25 49 1 630
25 51 1 834
25 55 1 567
25 56 1 308
25 58 1 491
25 59 1 207
25 61 1 816
25 63 1 308
25 67 1 800
25 68 1 852
25 69 1 293
26 29 1 258
26 30 1 867
26 32 1 509
26 36 1 670
26 39 1 728
26 42 1 936
26 45 1 868
26 47 1 994
26 48 1 952
26 49 1 990
26 54 1 814
26 55 1 648
26 57 1 411
26 60 1 213
26 61 1 735
26 63 1 362
26 65 1 844
26 67 1 110
26 68 1 445
26 69 1 670
31 32 1 914
31 33 1 689
31 37 1 511
31 41 1 808
31 42 1 821
31 43 1 377
31 44 1 711
31 47 1 280
31 48 1 864
31 51 1 814
31 52 1 628
31 53 1 107
31 54 1 491
31 59 1 615
31 60 1 473
31 61 1 124
31 62 1 831
31 63 1 205
31 64 1 778
31 65 1 432
31 68 1 349
40 41 1 832
40 42 1 774
40 43 1 371
40 45 1 894
40 47 1 895
40 50 1 715
40 52 1 313
40 56 1 449
40 57 1 800
40 58 1 533
40 59 1 383
40 62 1 827
40 64 1 361
40 66 1 371
40 67 1 294
40 68 1 395
41 42 1 372
41 44 1 653
41 45 1 690
41 47 1 349
41 49 1 652
41 54 1 184
41 55 1 712
41 56 1 617
41 57 1 385
41 58 1 958
41 59 1 234
41 60 1 684
41 62 1 894
41 63 1 856
41 64 1 627
41 65 1 912
41 67 1 671
41 68 1 227
41 70 1 723
43 44 1 993
43 46 1 198
43 47 1 816
43 49 1 592
43 51 1 584
43 52 1 323
43 53 1 853
43 54 1 391
43 56 1 861
43 60 1 309
43 61 1 771
43 66 1 298
43 67 1 260
43 68 1 149
43 70 1 895
48 49 1 668
48 52 1 334
48 53 1 747
48 54 1 182
48 57 1 254
48 58 1 471
48 60 1 365
48 62 1 881
48 66 1 639
48 67 1 954
48 70 1 225
49 50 1 927
49 54 1 255
49 57 1 976
49 58 1 589
49 59 1 231
49 60 1 410
49 61 1 495
49 63 1 996
49 64 1 836
49 65 1 564
49 66 1 193
49 69 1 604
55 60 1 268
55 61 1 242
55 63 1 791
55 64 1 238
55 65 1 555
55 66 1 419
55 70 1 660
58 61 1 548
58 62 1 643
58 67 1 712
58 69 1 321
64 65 1 276
64 69 1 114
64 70 1 420
65 67 1 273
65 69 1 767
65 70 1 617
69 70 1 889
30 32 1 611
30 33 1 297
30 34 1 615
30 37 1 184
30 38 1 842
30 41 1 241
30 43 1 547
30 45 1 141
30 46 1 646
30 48 1 850
30 50 1 764
30 52 1 637
30 54 1 291
30 55 1 915
30 57 1 263
30 59 1 267
30 60 1 602
30 63 1 991
30 64 1 859
30 66 1 163
30 70 1 411
33 36 1 317
33 38 1 148
33 39 1 201
33 40 1 713
33 41 1 238
33 42 1 721
33 43 1 975
33 44 1 670
33 45 1 890
33 46 1 637
33 47 1 885
33 48 1 816
33 50 1 927
33 51 1 473
33 55 1 515
33 56 1 798
33 57 1 410
33 58 1 239
33 59 1 351
33 60 1 109
33 62 1 831
33 63 1 384
33 65 1 471
33 67 1 217
33 69 1 151
38 39 1 579
38 44 1 878
38 45 1 885
38 46 1 164
38 49 1 300
38 52 1 312
38 54 1 548
38 55 1 958
38 56 1 387
38 57 1 449
38 59 1 197
38 61 1 521
38 64 1 620
38 67 1 287
38 69 1 567
54 57 1 159
54 59 1 428
54 62 1 633
54 64 1 774
54 65 1 277
54 67 1 114
54 68 1 683
18 20 1 826
18 21 1 395
18 24 1 717
18 26 1 946
18 27 1 541
18 28 1 830
18 29 1 767
18 30 1 790
18 31 1 597
18 33 1 172
18 37 1 456
18 39 1 585
18 40 1 532
18 41 1 974
18 42 1 592
18 46 1 177
18 50 1 520
18 51 1 411
18 52 1 941
18 57 1 941
18 58 1 897
18 59 1 363
18 60 1 270
18 64 1 231
18 65 1 451
18 68 1 182
18 69 1 136
61 63 1 285
61 66 1 739
61 67 1 599
61 68 1 815
61 69 1 361
61 70 1 520
45 49 1 688
45 54 1 173
45 55 1 912
45 56 1 451
45 57 1 577
45 58 1 202
45 60 1 603
45 62 1 935
45 64 1 947
45 65 1 897
45 68 1 779
45 70 1 167
46 51 1 126
46 53 1 442
46 57 1 341
46 58 1 626
46 62 1 646
46 66 1 936
46 68 1 253
46 69 1 644
51 54 1 260
51 57 1 512
51 58 1 447
51 59 1 462
51 60 1 198
51 62 1 768
51 64 1 139
51 66 1 279
51 67 1 157
51 68 1 389
21 24 1 189
21 26 1 741
21 27 1 393
21 28 1 617
21 32 1 567
21 33 1 338
21 35 1 488
21 36 1 932
21 37 1 776
21 38 1 292
21 40 1 397
21 42 1 733
21 43 1 179
21 44 1 830
21 47 1 539
21 48 1 236
21 52 1 409
21 54 1 193
21 55 1 700
21 56 1 524
21 60 1 209
21 61 1 290
21 63 1 840
21 64 1 485
21 65 1 689
21 69 1 894
21 70 1 836
24 26 1 988
24 33 1 384
24 34 1 609
24 35 1 942
24 37 1 528
24 38 1 333
24 39 1 576
24 41 1 521
24 42 1 336
24 43 1 418
24 44 1 862
24 45 1 919
24 46 1 228
24 47 1 323
24 49 1 419
24 53 1 424
24 54 1 297
24 55 1 673
24 57 1 978
24 59 1 800
24 63 1 213
24 64 1 359
24 65 1 737
24 67 1 592
24 68 1 332
24 69 1 889
17 19 1 818
17 21 1 213
17 22 1 946
17 23 1 154
17 26 1 519
17 28 1 135
17 29 1 230
17 30 1 486
17 31 1 155
17 32 1 767
17 34 1 145
17 35 1 478
17 36 1 664
17 38 1 774
17 39 1 808
17 42 1 610
17 45 1 137
17 47 1 829
17 48 1 694
17 50 1 141
17 51 1 953
17 52 1 736
17 53 1 771
17 54 1 629
17 55 1 980
17 56 1 737
17 57 1 786
17 58 1 218
17 59 1 215
17 60 1 838
17 62 1 987
17 64 1 478
17 67 1 248
17 69 1 313
17 70 1 482
