80 3200
1 2 0 998
1 3 0 725
1 4 0 826
1 5 0 211
1 6 0 382
1 8 0 339
1 9 0 185
1 14 0 831
1 17 0 889
1 18 0 593
1 20 0 802
1 21 0 546
1 25 0 259
1 27 0 545
1 29 0 741
1 33 0 167
1 35 0 565
1 38 0 555
1 39 0 100
1 44 0 647
1 47 0 597
1 48 0 685
1 49 0 830
1 53 0 274
1 56 0 997
1 62 0 114
1 66 0 680
1 68 0 262
1 69 0 260
1 71 0 248
1 72 0 220
1 74 0 575
1 75 0 274
1 78 0 103
1 79 0 145
1 80 0 480
2 3 0 397
2 4 0 612
2 8 0 521
2 9 0 496
2 10 0 297
2 11 0 786
2 16 0 856
2 20 0 329
2 21 0 510
2 25 0 671
2 26 0 105
2 29 0 624
2 30 0 161
2 31 0 154
2 33 0 421
2 34 0 666
2 38 0 149
2 44 0 940
2 45 0 891
2 47 0 452
2 51 0 327
2 52 0 127
2 54 0 725
2 57 0 767
2 59 0 909
2 60 0 253
2 61 0 671
2 62 0 830
2 66 0 969
2 67 0 630
2 71 0 323
2 73 0 438
2 74 0 389
2 76 0 372
2 77 0 228
2 78 0 955
2 79 0 323
2 80 0 256
3 5 0 249
3 6 0 244
3 7 0 309
3 8 0 841
3 9 0 465
3 11 0 223
3 12 0 233
3 13 0 820
3 14 0 353
3 15 0 763
3 17 0 145
3 19 0 831
3 20 0 699
3 21 0 913
3 22 0 341
3 25 0 898
3 26 0 252
3 27 0 629
3 28 0 268
3 30 0 117
3 31 0 472
3 32 0 225
3 34 0 631
3 35 0 770
3 36 0 811
3 37 0 338
3 38 0 576
3 40 0 601
3 43 0 129
3 44 0 347
3 46 0 977
3 47 0 404
3 50 0 137
3 55 0 880
3 61 0 886
3 62 0 910
3 65 0 382
3 66 0 749
3 67 0 726
3 71 0 188
3 73 0 833
3 74 0 523
3 75 0 282
3 76 0 853
3 77 0 167
3 78 0 851
3 79 0 327
4 5 0 890
4 7 0 813
4 8 0 934
4 9 0 943
4 10 0 698
4 12 0 448
4 15 0 412
4 17 0 479
4 18 0 501
4 20 0 524
4 21 0 802
4 23 0 121
4 27 0 416
4 28 0 831
4 31 0 242
4 32 0 631
4 34 0 141
4 37 0 658
4 40 0 560
4 43 0 670
4 44 0 967
4 45 0 546
4 46 0 201
4 48 0 797
4 50 0 488
4 52 0 959
4 57 0 686
4 59 0 686
4 62 0 819
4 64 0 151
4 68 0 727
4 69 0 236
4 70 0 415
4 73 0 366
4 78 0 971
4 80 0 545
5 6 0 561
5 8 0 541
5 10 0 791
5 11 0 109
5 14 0 641
5 17 0 954
5 18 0 615
5 19 0 318
5 22 0 305
5 23 0 193
5 24 0 974
5 25 0 208
5 26 0 874
5 28 0 531
5 29 0 341
5 30 0 997
5 32 0 803
5 33 0 364
5 34 0 464
5 36 0 339
5 38 0 728
5 42 0 594
5 44 0 789
5 45 0 341
5 46 0 525
5 47 0 751
5 48 0 563
5 52 0 885
5 53 0 958
5 54 0 780
5 55 0 159
5 57 0 138
5 58 0 841
5 60 0 136
5 62 0 482
5 64 0 674
5 67 0 453
5 68 0 698
5 69 0 130
5 70 0 893
5 71 0 396
5 73 0 531
5 75 0 854
5 76 0 696
5 77 0 492
6 7 0 659
6 8 0 428
6 10 0 459
6 12 0 911
6 13 0 290
6 16 0 505
6 19 0 695
6 20 0 163
6 21 0 289
6 23 0 795
6 25 0 517
6 26 0 326
6 28 0 556
6 29 0 911
6 31 0 929
6 37 0 898
6 41 0 113
6 45 0 868
6 47 0 572
6 48 0 113
6 49 0 157
6 58 0 536
6 62 0 924
6 66 0 912
6 68 0 515
6 69 0 464
6 70 0 690
6 72 0 459
6 73 0 970
6 74 0 696
6 76 0 458
8 9 0 417
8 10 0 754
8 11 0 623
8 12 0 433
8 13 0 464
8 14 0 610
8 15 0 504
8 19 0 434
8 21 0 371
8 23 0 118
8 24 0 836
8 25 0 651
8 27 0 806
8 29 0 205
8 30 0 816
8 33 0 435
8 40 0 707
8 41 0 564
8 42 0 313
8 46 0 262
8 51 0 864
8 56 0 871
8 59 0 535
8 60 0 177
8 62 0 922
8 64 0 844
8 69 0 121
8 70 0 629
8 74 0 129
8 75 0 547
8 77 0 498
8 79 0 977
9 11 0 216
9 12 0 628
9 17 0 750
9 18 0 652
9 21 0 657
9 23 0 862
9 28 0 589
9 30 0 789
9 32 0 899
9 33 0 106
9 36 0 311
9 38 0 167
9 39 0 115
9 40 0 127
9 42 0 504
9 43 0 891
9 45 0 646
9 46 0 919
9 47 0 181
9 50 0 589
9 53 0 253
9 55 0 978
9 57 0 965
9 61 0 119
9 63 0 870
9 64 0 910
9 65 0 534
9 67 0 910
9 69 0 745
9 73 0 754
9 74 0 237
9 76 0 616
9 77 0 486
9 79 0 342
14 18 0 264
14 21 0 391
14 22 0 262
14 23 0 727
14 24 0 536
14 25 0 656
14 31 0 779
14 32 0 621
14 33 0 286
14 34 0 330
14 35 0 441
14 36 0 220
14 41 0 479
14 42 0 812
14 43 0 989
14 44 0 955
14 46 0 629
14 49 0 180
14 53 0 479
14 56 0 335
14 58 0 530
14 59 0 926
14 63 0 213
14 64 0 800
14 65 0 361
14 66 0 990
14 68 0 790
14 71 0 393
14 73 0 586
14 74 0 355
14 79 0 665
14 80 0 201
17 27 0 317
17 28 0 919
17 32 0 508
17 34 0 235
17 36 0 747
17 40 0 678
17 41 0 975
17 42 0 380
17 46 0 269
17 47 0 796
17 50 0 285
17 51 0 631
17 53 0 749
17 54 0 412
17 55 0 546
17 58 0 148
17 61 0 656
17 64 0 746
17 65 0 972
17 68 0 295
17 69 0 189
17 71 0 963
17 72 0 719
17 74 0 729
17 76 0 491
17 77 0 281
17 80 0 369
18 19 0 635
18 22 0 587
18 23 0 764
18 25 0 209
18 26 0 489
18 27 0 739
18 28 0 453
18 30 0 787
18 32 0 933
18 33 0 572
18 34 0 976
18 35 0 724
18 36 0 257
18 38 0 530
18 39 0 279
18 40 0 813
18 41 0 516
18 42 0 324
18 44 0 800
18 48 0 993
18 49 0 194
18 50 0 513
18 51 0 849
18 52 0 449
18 53 0 956
18 56 0 606
18 57 0 573
18 58 0 841
18 61 0 633
18 62 0 416
18 66 0 605
18 67 0 202
18 70 0 597
18 72 0 317
18 80 0 474
20 23 0 322
20 25 0 179
20 29 0 579
20 31 0 357
20 32 0 124
20 37 0 341
20 38 0 108
20 40 0 643
20 41 0 184
20 44 0 817
20 45 0 792
20 47 0 849
20 48 0 126
20 50 0 991
20 51 0 860
20 52 0 600
20 53 0 489
20 55 0 379
20 56 0 368
20 57 0 511
20 58 0 338
20 62 0 827
20 64 0 972
20 66 0 879
20 67 0 218
20 68 0 105
20 69 0 989
20 76 0 400
20 77 0 156
20 78 0 608
21 22 0 955
21 24 0 615
21 28 0 484
21 31 0 954
21 32 0 287
21 33 0 337
21 35 0 360
21 38 0 405
21 40 0 626
21 42 0 313
21 43 0 848
21 44 0 902
21 45 0 177
21 48 0 523
21 49 0 409
21 52 0 279
21 55 0 691
21 56 0 622
21 58 0 490
21 59 0 659
21 60 0 924
21 62 0 134
21 65 0 711
21 67 0 677
21 69 0 777
21 70 0 100
21 71 0 265
21 72 0 964
21 73 0 589
21 75 0 811
21 76 0 532
21 77 0 947
21 79 0 126
25 27 0 101
25 28 0 780
25 29 0 874
25 31 0 867
25 32 0 617
25 34 0 667
25 36 0 202
25 37 0 608
25 38 0 411
25 41 0 586
25 42 0 847
25 44 0 775
25 46 0 721
25 47 0 202
25 49 0 264
25 50 0 718
25 51 0 182
25 52 0 374
25 55 0 584
25 57 0 389
25 60 0 591
25 61 0 874
25 64 0 228
25 65 0 928
25 66 0 553
25 67 0 563
25 70 0 939
25 71 0 853
25 73 0 745
25 75 0 290
25 76 0 796
25 80 0 555
27 28 0 973
27 29 0 578
27 30 0 835
27 31 0 350
27 32 0 331
27 33 0 360
27 34 0 306
27 36 0 813
27 38 0 336
27 39 0 917
27 41 0 712
27 42 0 226
27 45 0 319
27 49 0 196
27 53 0 790
27 54 0 900
27 55 0 500
27 56 0 699
27 57 0 847
27 60 0 962
27 61 0 444
27 63 0 582
27 64 0 674
27 65 0 977
27 66 0 275
27 70 0 317
27 73 0 519
27 74 0 286
27 76 0 549
27 77 0 954
29 31 0 383
29 32 0 582
29 34 0 864
29 35 0 715
29 36 0 119
29 37 0 980
29 41 0 893
29 43 0 133
29 45 0 495
29 46 0 131
29 48 0 431
29 50 0 873
29 51 0 668
29 52 0 240
29 55 0 116
29 56 0 208
29 59 0 692
29 60 0 243
29 67 0 295
29 68 0 384
29 70 0 930
29 72 0 929
29 75 0 618
29 77 0 473
29 78 0 709
29 79 0 168
33 34 0 789
33 35 0 556
33 38 0 442
33 39 0 667
33 40 0 846
33 42 0 456
33 43 0 731
33 44 0 857
33 48 0 237
33 49 0 325
33 52 0 868
33 53 0 551
33 54 0 530
33 63 0 938
33 66 0 622
33 67 0 698
33 69 0 121
33 72 0 530
33 73 0 144
33 74 0 982
33 75 0 647
35 37 0 931
35 38 0 737
35 40 0 354
35 45 0 949
35 47 0 458
35 50 0 344
35 52 0 363
35 53 0 417
35 57 0 106
35 58 0 651
35 60 0 877
35 62 0 843
35 65 0 345
35 66 0 749
35 68 0 916
35 69 0 677
35 70 0 610
35 73 0 821
35 77 0 442
35 80 0 771
38 42 0 841
38 45 0 788
38 46 0 626
38 49 0 244
38 50 0 833
38 51 0 511
38 52 0 196
38 59 0 445
38 61 0 104
38 62 0 268
38 63 0 767
38 64 0 707
38 67 0 816
38 71 0 820
38 73 0 610
38 74 0 483
38 75 0 723
38 78 0 888
38 79 0 517
39 41 0 954
39 43 0 778
39 44 0 777
39 45 0 365
39 47 0 331
39 48 0 222
39 51 0 795
39 53 0 497
39 54 0 973
39 57 0 598
39 59 0 199
39 61 0 960
39 62 0 896
39 63 0 745
39 64 0 617
39 65 0 781
39 66 0 460
39 70 0 317
39 71 0 269
39 74 0 881
39 76 0 424
39 78 0 588
39 79 0 829
44 46 0 478
44 47 0 128
44 50 0 811
44 52 0 698
44 55 0 954
44 56 0 160
44 58 0 539
44 59 0 551
44 61 0 496
44 63 0 204
44 64 0 215
44 65 0 261
44 68 0 775
44 69 0 835
44 70 0 149
44 71 0 866
44 72 0 525
44 79 0 433
44 80 0 698
47 48 0 834
47 50 0 108
47 52 0 307
47 53 0 805
47 54 0 626
47 55 0 195
47 57 0 426
47 60 0 696
47 61 0 401
47 62 0 791
47 64 0 211
47 66 0 467
47 68 0 966
47 73 0 175
47 74 0 552
47 75 0 282
47 76 0 333
47 77 0 102
47 78 0 179
48 50 0 926
48 52 0 657
48 55 0 582
48 59 0 563
48 62 0 465
48 64 0 644
48 65 0 817
48 66 0 387
48 67 0 765
48 68 0 144
48 70 0 951
48 71 0 489
48 73 0 467
48 74 0 613
48 75 0 506
48 77 0 440
48 78 0 658
48 79 0 873
49 53 0 147
49 55 0 990
49 59 0 346
49 60 0 695
49 64 0 820
49 66 0 429
49 67 0 556
49 68 0 465
49 71 0 166
49 74 0 100
49 76 0 174
49 77 0 403
49 79 0 860
53 54 0 257
53 55 0 228
53 58 0 130
53 59 0 528
53 60 0 829
53 62 0 670
53 65 0 706
53 66 0 189
53 67 0 528
53 69 0 528
53 70 0 330
53 71 0 361
53 72 0 900
53 73 0 942
53 74 0 582
53 75 0 301
53 76 0 679
53 80 0 793
56 57 0 543
56 59 0 973
56 61 0 186
56 62 0 183
56 64 0 947
56 65 0 320
56 68 0 677
56 70 0 682
56 72 0 539
56 73 0 745
56 75 0 809
56 77 0 938
56 79 0 582
56 80 0 417
62 66 0 215
62 68 0 206
62 71 0 879
62 72 0 670
62 75 0 993
62 76 0 355
62 79 0 866
62 80 0 873
66 69 0 869
66 70 0 477
66 72 0 155
66 73 0 584
66 74 0 874
66 75 0 641
66 77 0 420
66 78 0 403
66 79 0 554
66 80 0 576
68 73 0 801
68 74 0 855
68 76 0 522
68 78 0 311
68 80 0 191
69 71 0 996
69 72 0 129
69 73 0 404
69 75 0 187
69 76 0 558
69 78 0 253
69 80 0 587
71 73 0 825
71 74 0 307
71 75 0 480
71 77 0 702
71 80 0 336
72 74 0 779
72 75 0 372
72 76 0 339
72 79 0 827
72 80 0 860
74 75 0 759
74 77 0 577
74 80 0 740
75 76 0 694
75 80 0 735
78 79 0 396
78 80 0 615
10 16 0 953
10 17 0 759
10 19 0 956
10 21 0 301
10 22 0 952
10 23 0 438
10 26 0 602
10 27 0 415
10 29 0 711
10 30 0 428
10 33 0 324
10 34 0 187
10 38 0 372
10 39 0 547
10 41 0 556
10 44 0 540
10 46 0 816
10 47 0 331
10 51 0 235
10 52 0 124
10 54 0 259
10 59 0 454
10 62 0 710
10 63 0 951
10 65 0 546
10 70 0 579
10 74 0 838
10 78 0 442
10 80 0 326
11 14 0 715
11 17 0 749
11 18 0 685
11 19 0 749
11 20 0 635
11 21 0 163
11 24 0 177
11 26 0 255
11 28 0 268
11 29 0 555
11 32 0 842
11 33 0 923
11 35 0 642
11 36 0 163
11 40 0 952
11 41 0 386
11 42 0 579
11 43 0 755
11 48 0 979
11 51 0 318
11 54 0 143
11 55 0 551
11 56 0 730
11 57 0 777
11 59 0 117
11 60 0 183
11 64 0 447
11 66 0 938
11 67 0 622
11 70 0 670
11 71 0 205
11 72 0 950
11 73 0 721
11 77 0 406
11 78 0 279
11 79 0 103
16 17 0 420
16 20 0 283
16 21 0 385
16 23 0 777
16 24 0 394
16 29 0 411
16 30 0 768
16 31 0 374
16 32 0 375
16 35 0 641
16 36 0 736
16 38 0 913
16 39 0 273
16 41 0 380
16 43 0 852
16 45 0 500
16 46 0 368
16 47 0 446
16 49 0 545
16 51 0 816
16 53 0 892
16 54 0 345
16 55 0 227
16 56 0 339
16 57 0 798
16 58 0 283
16 64 0 651
16 66 0 950
16 70 0 473
16 75 0 780
16 78 0 272
16 79 0 893
16 80 0 792
26 27 0 258
26 28 0 263
26 29 0 611
26 31 0 373
26 32 0 909
26 33 0 389
26 37 0 693
26 38 0 459
26 40 0 759
26 42 0 745
26 43 0 268
26 44 0 178
26 45 0 428
26 47 0 344
26 48 0 574
26 50 0 864
26 55 0 154
26 56 0 692
26 57 0 264
26 58 0 731
26 59 0 957
26 61 0 899
26 63 0 259
26 65 0 611
26 69 0 189
26 72 0 344
26 73 0 171
26 74 0 172
26 75 0 250
26 76 0 300
26 80 0 229
30 31 0 207
30 32 0 230
30 34 0 927
30 37 0 124
30 43 0 454
30 44 0 281
30 48 0 286
30 50 0 901
30 52 0 676
30 53 0 888
30 58 0 943
30 61 0 903
30 64 0 316
30 66 0 307
30 67 0 511
30 68 0 422
30 75 0 212
31 33 0 367
31 40 0 406
31 42 0 813
31 44 0 255
31 45 0 710
31 46 0 333
31 47 0 667
31 48 0 763
31 49 0 556
31 50 0 209
31 52 0 207
31 54 0 863
31 55 0 292
31 57 0 962
31 59 0 924
31 63 0 579
31 64 0 578
31 65 0 377
31 66 0 866
31 68 0 842
31 72 0 604
31 75 0 446
31 77 0 278
31 79 0 220
34 35 0 687
34 40 0 842
34 41 0 765
34 43 0 703
34 44 0 150
34 45 0 200
34 49 0 799
34 53 0 803
34 56 0 793
34 58 0 551
34 61 0 257
34 64 0 981
34 65 0 337
34 66 0 384
34 68 0 990
34 70 0 483
34 71 0 610
34 74 0 305
34 75 0 211
34 79 0 344
45 46 0 206
45 47 0 342
45 49 0 857
45 50 0 181
45 55 0 586
45 56 0 303
45 57 0 878
45 58 0 382
45 59 0 257
45 60 0 747
45 62 0 877
45 63 0 213
45 65 0 627
45 66 0 219
45 68 0 124
45 69 0 540
45 71 0 786
45 72 0 730
45 73 0 514
45 75 0 948
45 78 0 663
45 79 0 476
51 53 0 569
51 56 0 288
51 57 0 941
51 58 0 855
51 61 0 124
51 63 0 474
51 65 0 167
51 67 0 112
51 69 0 805
51 71 0 439
51 73 0 710
51 76 0 273
51 79 0 216
52 53 0 841
52 56 0 881
52 57 0 123
52 59 0 433
52 64 0 924
52 65 0 104
52 66 0 204
52 70 0 104
52 71 0 787
52 72 0 785
52 77 0 389
52 78 0 842
52 79 0 923
54 57 0 319
54 60 0 717
54 62 0 209
54 63 0 777
54 65 0 142
54 69 0 758
54 70 0 578
54 71 0 795
54 72 0 995
54 73 0 806
54 76 0 177
54 77 0 567
54 79 0 916
54 80 0 775
57 58 0 794
57 60 0 522
57 62 0 416
57 63 0 402
57 65 0 554
57 66 0 177
57 69 0 214
57 70 0 391
57 71 0 284
57 72 0 467
57 77 0 377
59 60 0 820
59 61 0 527
59 63 0 279
59 64 0 275
59 65 0 171
59 66 0 508
59 68 0 690
59 69 0 101
59 75 0 973
59 76 0 325
59 78 0 675
59 80 0 173
60 61 0 133
60 62 0 863
60 63 0 785
60 66 0 727
60 67 0 167
60 70 0 416
60 72 0 321
60 73 0 171
60 74 0 404
60 75 0 862
60 76 0 668
60 77 0 228
60 78 0 583
61 62 0 202
61 64 0 415
61 65 0 828
61 66 0 621
61 67 0 994
61 71 0 181
61 72 0 836
61 74 0 870
61 80 0 940
67 69 0 765
67 70 0 430
67 72 0 547
67 74 0 969
67 77 0 748
67 78 0 458
67 79 0 982
73 75 0 942
73 76 0 538
73 77 0 806
76 78 0 483
77 78 0 279
77 79 0 242
77 80 0 358
7 14 0 432
7 15 0 626
7 16 0 510
7 17 0 495
7 18 0 328
7 19 0 564
7 20 0 299
7 21 0 477
7 22 0 100
7 23 0 964
7 25 0 389
7 29 0 798
7 33 0 865
7 36 0 220
7 39 0 993
7 40 0 699
7 42 0 834
7 44 0 682
7 45 0 720
7 46 0 925
7 47 0 288
7 49 0 812
7 50 0 172
7 51 0 520
7 52 0 312
7 53 0 967
7 54 0 286
7 58 0 380
7 61 0 475
7 63 0 483
7 73 0 700
7 74 0 476
7 75 0 651
7 76 0 537
7 78 0 150
7 79 0 462
7 80 0 182
12 13 0 792
12 15 0 741
12 16 0 207
12 19 0 671
12 20 0 385
12 22 0 886
12 23 0 114
12 25 0 785
12 26 0 933
12 27 0 107
12 29 0 477
12 30 0 478
12 31 0 729
12 32 0 837
12 35 0 645
12 38 0 813
12 40 0 495
12 42 0 854
12 45 0 647
12 47 0 710
12 49 0 955
12 51 0 587
12 52 0 228
12 53 0 736
12 56 0 733
12 57 0 264
12 60 0 309
12 62 0 736
12 70 0 380
12 71 0 952
12 72 0 478
12 73 0 636
12 74 0 188
12 75 0 982
12 78 0 285
12 79 0 901
13 14 0 305
13 15 0 231
13 16 0 992
13 19 0 904
13 20 0 585
13 22 0 526
13 23 0 694
13 26 0 663
13 28 0 310
13 31 0 208
13 33 0 138
13 34 0 420
13 38 0 302
13 43 0 278
13 44 0 768
13 45 0 855
13 46 0 336
13 47 0 886
13 49 0 509
13 53 0 454
13 54 0 466
13 55 0 427
13 58 0 382
13 59 0 269
13 60 0 798
13 63 0 139
13 64 0 896
13 66 0 877
13 67 0 910
13 68 0 719
13 69 0 279
13 70 0 403
13 71 0 282
13 72 0 156
13 73 0 971
13 79 0 920
15 16 0 940
15 21 0 727
15 22 0 583
15 27 0 913
15 31 0 176
15 32 0 928
15 33 0 797
15 35 0 711
15 39 0 649
15 40 0 497
15 45 0 282
15 46 0 334
15 47 0 539
15 49 0 811
15 51 0 448
15 53 0 678
15 56 0 773
15 58 0 367
15 61 0 732
15 62 0 672
15 63 0 769
15 65 0 591
15 72 0 927
15 75 0 585
15 76 0 811
15 77 0 757
15 78 0 957
19 22 0 286
19 23 0 718
19 25 0 348
19 26 0 740
19 30 0 460
19 31 0 293
19 32 0 261
19 33 0 953
19 34 0 388
19 35 0 369
19 36 0 713
19 38 0 197
19 39 0 219
19 42 0 204
19 46 0 443
19 50 0 727
19 52 0 739
19 53 0 724
19 58 0 821
19 63 0 868
19 67 0 453
19 68 0 753
19 69 0 476
19 71 0 985
19 73 0 378
19 75 0 968
19 76 0 414
19 78 0 804
19 79 0 830
22 24 0 546
22 26 0 747
22 27 0 471
22 28 0 570
22 35 0 945
22 39 0 390
22 42 0 544
22 45 0 340
22 46 0 405
22 47 0 344
22 48 0 413
22 49 0 800
22 50 0 458
22 52 0 769
22 53 0 700
22 54 0 687
22 57 0 817
22 58 0 803
22 62 0 881
22 63 0 463
22 64 0 586
22 67 0 433
22 68 0 738
22 71 0 557
22 72 0 702
22 73 0 942
22 75 0 217
22 80 0 473
28 32 0 214
28 33 0 193
28 35 0 172
28 36 0 427
28 37 0 617
28 38 0 810
28 42 0 891
28 44 0 454
28 45 0 581
28 46 0 796
28 47 0 519
28 48 0 655
28 51 0 467
28 53 0 971
28 56 0 876
28 59 0 574
28 60 0 284
28 61 0 598
28 63 0 931
28 64 0 923
28 65 0 429
28 66 0 516
28 67 0 666
28 68 0 694
28 69 0 865
28 73 0 974
28 74 0 873
32 34 0 413
32 36 0 459
32 37 0 134
32 41 0 757
32 43 0 142
32 45 0 493
32 47 0 629
32 48 0 513
32 51 0 171
32 52 0 587
32 54 0 684
32 55 0 531
32 56 0 809
32 57 0 959
32 58 0 113
32 60 0 186
32 61 0 634
32 64 0 605
32 65 0 470
32 69 0 270
32 71 0 309
32 72 0 840
32 73 0 442
32 77 0 885
32 78 0 818
32 79 0 457
36 37 0 295
36 38 0 780
36 45 0 330
36 47 0 911
36 48 0 878
36 50 0 338
36 51 0 931
36 57 0 361
36 58 0 345
36 59 0 214
36 60 0 781
36 62 0 455
36 65 0 609
36 66 0 772
36 67 0 125
36 68 0 490
36 71 0 299
36 72 0 756
36 75 0 949
36 76 0 667
36 78 0 886
37 38 0 124
37 39 0 872
37 40 0 261
37 42 0 944
37 43 0 213
37 44 0 236
37 46 0 514
37 47 0 898
37 49 0 228
37 54 0 425
37 56 0 873
37 57 0 268
37 59 0 404
37 60 0 595
37 62 0 837
37 65 0 425
37 67 0 625
37 68 0 291
37 69 0 540
37 72 0 966
37 74 0 917
37 76 0 984
37 79 0 495
40 41 0 544
40 42 0 206
40 43 0 433
40 45 0 324
40 46 0 219
40 48 0 584
40 51 0 861
40 53 0 341
40 54 0 596
40 55 0 764
40 58 0 719
40 63 0 804
40 66 0 673
40 68 0 336
40 69 0 658
40 70 0 635
40 72 0 430
40 73 0 854
40 75 0 399
40 76 0 465
40 77 0 773
40 78 0 941
40 79 0 684
40 80 0 109
43 45 0 513
43 49 0 910
43 50 0 1000
43 51 0 140
43 61 0 851
43 62 0 586
43 63 0 555
43 64 0 708
43 65 0 299
43 66 0 478
43 68 0 467
43 70 0 818
43 71 0 678
43 72 0 410
43 73 0 718
43 74 0 517
43 77 0 331
43 78 0 766
43 80 0 407
46 53 0 802
46 54 0 715
46 57 0 733
46 59 0 660
46 61 0 602
46 62 0 809
46 63 0 546
46 64 0 655
46 71 0 460
46 73 0 408
46 74 0 877
46 75 0 697
46 77 0 930
46 78 0 732
46 79 0 413
50 53 0 296
50 54 0 674
50 55 0 307
50 58 0 981
50 60 0 959
50 63 0 773
50 64 0 694
50 68 0 609
50 72 0 676
50 75 0 282
50 76 0 590
55 58 0 864
55 59 0 849
55 61 0 747
55 62 0 231
55 64 0 743
55 65 0 825
55 66 0 908
55 67 0 500
55 68 0 707
55 71 0 667
55 73 0 872
55 74 0 903
55 75 0 301
55 77 0 602
55 79 0 262
55 80 0 616
65 69 0 909
65 70 0 836
65 73 0 909
65 74 0 498
65 75 0 123
65 79 0 815
23 26 0 877
23 27 0 889
23 30 0 582
23 31 0 374
23 32 0 175
23 33 0 147
23 37 0 815
23 38 0 726
23 39 0 848
23 41 0 278
23 42 0 727
23 43 0 557
23 45 0 944
23 47 0 674
23 49 0 307
23 50 0 143
23 52 0 565
23 53 0 638
23 55 0 493
23 57 0 388
23 58 0 479
23 59 0 161
23 62 0 788
23 64 0 118
23 65 0 808
23 66 0 638
23 67 0 108
23 68 0 417
23 72 0 811
23 73 0 457
23 75 0 543
23 76 0 312
23 78 0 651
64 66 0 829
64 67 0 276
64 68 0 588
64 69 0 719
64 71 0 191
64 72 0 736
64 73 0 161
64 75 0 433
64 76 0 202
70 72 0 874
70 73 0 353
70 75 0 613
70 79 0 673
24 25 0 653
24 27 0 726
24 31 0 932
24 32 0 683
24 34 0 497
24 36 0 958
24 37 0 754
24 40 0 704
24 41 0 659
24 42 0 654
24 43 0 356
24 45 0 528
24 53 0 550
24 57 0 523
24 58 0 412
24 60 0 911
24 62 0 650
24 63 0 867
24 65 0 153
24 70 0 567
24 72 0 295
24 73 0 180
24 74 0 439
24 75 0 201
24 78 0 896
24 79 0 756
42 44 0 603
42 45 0 195
42 47 0 172
42 48 0 125
42 49 0 722
42 51 0 114
42 53 0 159
42 54 0 503
42 55 0 924
42 56 0 698
42 58 0 523
42 59 0 911
42 60 0 622
42 62 0 264
42 64 0 570
42 65 0 574
42 68 0 453
42 73 0 351
42 75 0 612
42 78 0 304
58 61 0 525
58 62 0 506
58 64 0 887
58 65 0 579
58 66 0 291
58 67 0 270
58 68 0 241
58 69 0 766
58 80 0 731
41 46 0 131
41 49 0 452
41 50 0 259
41 51 0 642
41 52 0 274
41 53 0 882
41 57 0 363
41 58 0 709
41 59 0 631
41 64 0 163
41 65 0 428
41 66 0 103
41 67 0 890
41 68 0 561
41 69 0 872
41 72 0 858
41 74 0 718
41 75 0 343
41 76 0 996
41 77 0 930
41 79 0 395
63 64 0 638
63 65 0 594
63 67 0 753
63 68 0 375
63 69 0 548
63 70 0 861
63 72 0 501
63 74 0 172
63 75 0 940
63 76 0 894
63 77 0 206
1 2 1 994
1 3 1 569
1 4 1 289
1 5 1 838
1 6 1 481
1 8 1 619
1 9 1 177
1 14 1 311
1 17 1 411
1 18 1 755
1 20 1 417
1 21 1 558
1 25 1 289
1 27 1 368
1 29 1 267
1 33 1 258
1 35 1 732
1 38 1 754
1 39 1 847
1 44 1 532
1 47 1 518
1 48 1 935
1 49 1 546
1 53 1 784
1 56 1 101
1 62 1 522
1 66 1 321
1 68 1 801
1 69 1 169
1 71 1 836
1 72 1 358
1 74 1 272
1 75 1 227
1 78 1 791
1 79 1 660
1 80 1 148
2 3 1 340
2 4 1 248
2 8 1 516
2 9 1 839
2 10 1 890
2 11 1 110
2 16 1 876
2 20 1 804
2 21 1 930
2 25 1 239
2 26 1 917
2 29 1 852
2 30 1 721
2 31 1 832
2 33 1 129
2 34 1 736
2 38 1 640
2 44 1 235
2 45 1 490
2 47 1 383
2 51 1 158
2 52 1 574
2 54 1 536
2 57 1 458
2 59 1 602
2 60 1 825
2 61 1 219
2 62 1 279
2 66 1 791
2 67 1 417
2 71 1 474
2 73 1 523
2 74 1 383
2 76 1 194
2 77 1 332
2 78 1 191
2 79 1 218
2 80 1 409
3 5 1 638
3 6 1 946
3 7 1 552
3 8 1 465
3 9 1 319
3 11 1 560
3 12 1 961
3 13 1 361
3 14 1 943
3 15 1 281
3 17 1 291
3 19 1 485
3 20 1 629
3 21 1 590
3 22 1 147
3 25 1 495
3 26 1 523
3 27 1 687
3 28 1 287
3 30 1 579
3 31 1 722
3 32 1 978
3 34 1 298
3 35 1 364
3 36 1 708
3 37 1 713
3 38 1 101
3 40 1 548
3 43 1 475
3 44 1 380
3 46 1 463
3 47 1 521
3 50 1 349
3 55 1 294
3 61 1 534
3 62 1 524
3 65 1 811
3 66 1 477
3 67 1 196
3 71 1 231
3 73 1 642
3 74 1 999
3 75 1 572
3 76 1 689
3 77 1 249
3 78 1 733
3 79 1 317
4 5 1 898
4 7 1 193
4 8 1 908
4 9 1 495
4 10 1 173
4 12 1 600
4 15 1 858
4 17 1 779
4 18 1 152
4 20 1 217
4 21 1 199
4 23 1 700
4 27 1 315
4 28 1 653
4 31 1 922
4 32 1 523
4 34 1 318
4 37 1 438
4 40 1 913
4 43 1 667
4 44 1 230
4 45 1 782
4 46 1 293
4 48 1 602
4 50 1 864
4 52 1 181
4 57 1 910
4 59 1 569
4 62 1 360
4 64 1 234
4 68 1 994
4 69 1 672
4 70 1 116
4 73 1 619
4 78 1 740
4 80 1 207
5 6 1 828
5 8 1 881
5 10 1 812
5 11 1 963
5 14 1 359
5 17 1 693
5 18 1 955
5 19 1 258
5 22 1 785
5 23 1 839
5 24 1 616
5 25 1 263
5 26 1 296
5 28 1 747
5 29 1 574
5 30 1 986
5 32 1 874
5 33 1 960
5 34 1 318
5 36 1 124
5 38 1 767
5 42 1 221
5 44 1 617
5 45 1 168
5 46 1 524
5 47 1 963
5 48 1 134
5 52 1 670
5 53 1 600
5 54 1 617
5 55 1 702
5 57 1 360
5 58 1 955
5 60 1 916
5 62 1 710
5 64 1 904
5 67 1 671
5 68 1 814
5 69 1 710
5 70 1 629
5 71 1 502
5 73 1 716
5 75 1 996
5 76 1 925
5 77 1 101
6 7 1 351
6 8 1 304
6 10 1 566
6 12 1 244
6 13 1 569
6 16 1 624
6 19 1 624
6 20 1 111
6 21 1 377
6 23 1 621
6 25 1 964
6 26 1 239
6 28 1 734
6 29 1 730
6 31 1 460
6 37 1 444
6 41 1 621
6 45 1 274
6 47 1 965
6 48 1 850
6 49 1 886
6 58 1 842
6 62 1 560
6 66 1 201
6 68 1 838
6 69 1 578
6 70 1 605
6 72 1 635
6 73 1 965
6 74 1 865
6 76 1 955
8 9 1 224
8 10 1 429
8 11 1 779
8 12 1 662
8 13 1 708
8 14 1 683
8 15 1 414
8 19 1 933
8 21 1 342
8 23 1 135
8 24 1 707
8 25 1 300
8 27 1 144
8 29 1 306
8 30 1 581
8 33 1 588
8 40 1 768
8 41 1 534
8 42 1 724
8 46 1 697
8 51 1 754
8 56 1 323
8 59 1 820
8 60 1 731
8 62 1 246
8 64 1 342
8 69 1 213
8 70 1 370
8 74 1 482
8 75 1 480
8 77 1 232
8 79 1 919
9 11 1 386
9 12 1 379
9 17 1 183
9 18 1 805
9 21 1 693
9 23 1 903
9 28 1 836
9 30 1 870
9 32 1 756
9 33 1 154
9 36 1 123
9 38 1 336
9 39 1 748
9 40 1 881
9 42 1 1000
9 43 1 703
9 45 1 877
9 46 1 325
9 47 1 406
9 50 1 733
9 53 1 622
9 55 1 166
9 57 1 427
9 61 1 594
9 63 1 170
9 64 1 735
9 65 1 365
9 67 1 543
9 69 1 713
9 73 1 381
9 74 1 259
9 76 1 174
9 77 1 969
9 79 1 530
14 18 1 227
14 21 1 114
14 22 1 797
14 23 1 951
14 24 1 929
14 25 1 922
14 31 1 743
14 32 1 274
14 33 1 323
14 34 1 821
14 35 1 667
14 36 1 398
14 41 1 157
14 42 1 864
14 43 1 891
14 44 1 272
14 46 1 401
14 49 1 893
14 53 1 175
14 56 1 582
14 58 1 673
14 59 1 347
14 63 1 242
14 64 1 732
14 65 1 199
14 66 1 782
14 68 1 860
14 71 1 610
14 73 1 643
14 74 1 355
14 79 1 131
14 80 1 203
17 27 1 545
17 28 1 661
17 32 1 523
17 34 1 224
17 36 1 703
17 40 1 515
17 41 1 106
17 42 1 433
17 46 1 231
17 47 1 969
17 50 1 632
17 51 1 392
17 53 1 417
17 54 1 972
17 55 1 159
17 58 1 769
17 61 1 859
17 64 1 480
17 65 1 300
17 68 1 680
17 69 1 753
17 71 1 414
17 72 1 968
17 74 1 903
17 76 1 672
17 77 1 304
17 80 1 794
18 19 1 871
18 22 1 282
18 23 1 864
18 25 1 215
18 26 1 897
18 27 1 244
18 28 1 214
18 30 1 790
18 32 1 885
18 33 1 193
18 34 1 246
18 35 1 589
18 36 1 807
18 38 1 841
18 39 1 932
18 40 1 600
18 41 1 974
18 42 1 400
18 44 1 638
18 48 1 929
18 49 1 132
18 50 1 699
18 51 1 266
18 52 1 456
18 53 1 445
18 56 1 148
18 57 1 227
18 58 1 547
18 61 1 480
18 62 1 729
18 66 1 478
18 67 1 635
18 70 1 444
18 72 1 391
18 80 1 1000
20 23 1 155
20 25 1 601
20 29 1 965
20 31 1 600
20 32 1 969
20 37 1 112
20 38 1 445
20 40 1 344
20 41 1 785
20 44 1 613
20 45 1 660
20 47 1 637
20 48 1 694
20 50 1 247
20 51 1 675
20 52 1 306
20 53 1 477
20 55 1 218
20 56 1 905
20 57 1 471
20 58 1 656
20 62 1 818
20 64 1 317
20 66 1 755
20 67 1 786
20 68 1 125
20 69 1 871
20 76 1 423
20 77 1 617
20 78 1 606
21 22 1 703
21 24 1 306
21 28 1 284
21 31 1 789
21 32 1 873
21 33 1 696
21 35 1 432
21 38 1 738
21 40 1 499
21 42 1 462
21 43 1 924
21 44 1 137
21 45 1 226
21 48 1 953
21 49 1 347
21 52 1 396
21 55 1 114
21 56 1 334
21 58 1 270
21 59 1 965
21 60 1 452
21 62 1 766
21 65 1 275
21 67 1 487
21 69 1 381
21 70 1 858
21 71 1 733
21 72 1 661
21 73 1 856
21 75 1 185
21 76 1 919
21 77 1 471
21 79 1 991
25 27 1 556
25 28 1 560
25 29 1 238
25 31 1 986
25 32 1 381
25 34 1 752
25 36 1 343
25 37 1 973
25 38 1 703
25 41 1 644
25 42 1 897
25 44 1 531
25 46 1 338
25 47 1 701
25 49 1 869
25 50 1 640
25 51 1 381
25 52 1 928
25 55 1 564
25 57 1 383
25 60 1 173
25 61 1 339
25 64 1 430
25 65 1 386
25 66 1 211
25 67 1 867
25 70 1 141
25 71 1 429
25 73 1 431
25 75 1 774
25 76 1 309
25 80 1 291
27 28 1 522
27 29 1 674
27 30 1 995
27 31 1 256
27 32 1 921
27 33 1 179
27 34 1 452
27 36 1 858
27 38 1 124
27 39 1 171
27 41 1 111
27 42 1 430
27 45 1 536
27 49 1 638
27 53 1 120
27 54 1 604
27 55 1 355
27 56 1 289
27 57 1 604
27 60 1 791
27 61 1 343
27 63 1 748
27 64 1 178
27 65 1 160
27 66 1 795
27 70 1 450
27 73 1 820
27 74 1 495
27 76 1 785
27 77 1 859
29 31 1 309
29 32 1 204
29 34 1 341
29 35 1 562
29 36 1 332
29 37 1 565
29 41 1 569
29 43 1 474
29 45 1 951
29 46 1 700
29 48 1 536
29 50 1 502
29 51 1 633
29 52 1 991
29 55 1 427
29 56 1 738
29 59 1 469
29 60 1 655
29 67 1 823
29 68 1 147
29 70 1 512
29 72 1 730
29 75 1 501
29 77 1 736
29 78 1 279
29 79 1 967
33 34 1 763
33 35 1 997
33 38 1 710
33 39 1 954
33 40 1 523
33 42 1 804
33 43 1 314
33 44 1 307
33 48 1 882
33 49 1 941
33 52 1 275
33 53 1 359
33 54 1 911
33 63 1 609
33 66 1 246
33 67 1 910
33 69 1 996
33 72 1 328
33 73 1 649
33 74 1 328
33 75 1 742
35 37 1 334
35 38 1 543
35 40 1 623
35 45 1 152
35 47 1 251
35 50 1 323
35 52 1 412
35 53 1 545
35 57 1 168
35 58 1 258
35 60 1 574
35 62 1 880
35 65 1 735
35 66 1 791
35 68 1 440
35 69 1 609
35 70 1 898
35 73 1 513
35 77 1 167
35 80 1 524
38 42 1 361
38 45 1 435
38 46 1 997
38 49 1 816
38 50 1 758
38 51 1 595
38 52 1 986
38 59 1 112
38 61 1 445
38 62 1 147
38 63 1 876
38 64 1 390
38 67 1 387
38 71 1 149
38 73 1 743
38 74 1 140
38 75 1 614
38 78 1 126
38 79 1 618
39 41 1 163
39 43 1 652
39 44 1 473
39 45 1 817
39 47 1 1000
39 48 1 267
39 51 1 529
39 53 1 405
39 54 1 310
39 57 1 527
39 59 1 310
39 61 1 683
39 62 1 987
39 63 1 898
39 64 1 873
39 65 1 811
39 66 1 540
39 70 1 180
39 71 1 101
39 74 1 748
39 76 1 481
39 78 1 640
39 79 1 519
44 46 1 311
44 47 1 454
44 50 1 900
44 52 1 376
44 55 1 827
44 56 1 377
44 58 1 521
44 59 1 293
44 61 1 909
44 63 1 613
44 64 1 146
44 65 1 646
44 68 1 551
44 69 1 253
44 70 1 384
44 71 1 289
44 72 1 810
44 79 1 964
44 80 1 517
47 48 1 598
47 50 1 419
47 52 1 968
47 53 1 494
47 54 1 169
47 55 1 360
47 57 1 853
47 60 1 366
47 61 1 830
47 62 1 227
47 64 1 857
47 66 1 862
47 68 1 564
47 73 1 564
47 74 1 127
47 75 1 157
47 76 1 257
47 77 1 107
47 78 1 393
48 50 1 292
48 52 1 822
48 55 1 653
48 59 1 876
48 62 1 769
48 64 1 805
48 65 1 380
48 66 1 305
48 67 1 691
48 68 1 593
48 70 1 747
48 71 1 784
48 73 1 828
48 74 1 415
48 75 1 249
48 77 1 879
48 78 1 978
48 79 1 806
49 53 1 132
49 55 1 606
49 59 1 464
49 60 1 864
49 64 1 815
49 66 1 745
49 67 1 963
49 68 1 361
49 71 1 554
49 74 1 295
49 76 1 411
49 77 1 615
49 79 1 827
53 54 1 304
53 55 1 143
53 58 1 511
53 59 1 973
53 60 1 233
53 62 1 141
53 65 1 132
53 66 1 668
53 67 1 250
53 69 1 145
53 70 1 506
53 71 1 379
53 72 1 190
53 73 1 125
53 74 1 664
53 75 1 415
53 76 1 546
53 80 1 443
56 57 1 372
56 59 1 598
56 61 1 926
56 62 1 181
56 64 1 772
56 65 1 629
56 68 1 474
56 70 1 462
56 72 1 916
56 73 1 554
56 75 1 859
56 77 1 581
56 79 1 262
56 80 1 773
62 66 1 938
62 68 1 955
62 71 1 333
62 72 1 726
62 75 1 732
62 76 1 266
62 79 1 153
62 80 1 843
66 69 1 213
66 70 1 179
66 72 1 710
66 73 1 670
66 74 1 990
66 75 1 248
66 77 1 109
66 78 1 408
66 79 1 510
66 80 1 279
68 73 1 368
68 74 1 545
68 76 1 536
68 78 1 577
68 80 1 341
69 71 1 276
69 72 1 155
69 73 1 958
69 75 1 580
69 76 1 734
69 78 1 138
69 80 1 336
71 73 1 660
71 74 1 716
71 75 1 459
71 77 1 565
71 80 1 455
72 74 1 956
72 75 1 450
72 76 1 372
72 79 1 477
72 80 1 215
74 75 1 646
74 77 1 572
74 80 1 556
75 76 1 696
75 80 1 372
78 79 1 326
78 80 1 194
10 16 1 814
10 17 1 259
10 19 1 933
10 21 1 390
10 22 1 581
10 23 1 196
10 26 1 698
10 27 1 744
10 29 1 160
10 30 1 433
10 33 1 723
10 34 1 618
10 38 1 171
10 39 1 205
10 41 1 713
10 44 1 600
10 46 1 373
10 47 1 584
10 51 1 484
10 52 1 859
10 54 1 556
10 59 1 482
10 62 1 125
10 63 1 368
10 65 1 181
10 70 1 391
10 74 1 943
10 78 1 453
10 80 1 798
11 14 1 781
11 17 1 118
11 18 1 921
11 19 1 996
11 20 1 764
11 21 1 842
11 24 1 777
11 26 1 485
11 28 1 872
11 29 1 273
11 32 1 390
11 33 1 442
11 35 1 151
11 36 1 145
11 40 1 925
11 41 1 349
11 42 1 798
11 43 1 651
11 48 1 143
11 51 1 728
11 54 1 944
11 55 1 810
11 56 1 629
11 57 1 848
11 59 1 403
11 60 1 907
11 64 1 531
11 66 1 546
11 67 1 352
11 70 1 205
11 71 1 308
11 72 1 229
11 73 1 898
11 77 1 811
11 78 1 657
11 79 1 278
16 17 1 490
16 20 1 538
16 21 1 405
16 23 1 817
16 24 1 184
16 29 1 153
16 30 1 976
16 31 1 633
16 32 1 320
16 35 1 649
16 36 1 618
16 38 1 399
16 39 1 970
16 41 1 331
16 43 1 188
16 45 1 838
16 46 1 878
16 47 1 805
16 49 1 895
16 51 1 292
16 53 1 604
16 54 1 129
16 55 1 108
16 56 1 973
16 57 1 850
16 58 1 218
16 64 1 262
16 66 1 504
16 70 1 173
16 75 1 563
16 78 1 550
16 79 1 931
16 80 1 303
26 27 1 408
26 28 1 750
26 29 1 312
26 31 1 590
26 32 1 460
26 33 1 741
26 37 1 312
26 38 1 238
26 40 1 757
26 42 1 660
26 43 1 212
26 44 1 189
26 45 1 851
26 47 1 230
26 48 1 239
26 50 1 187
26 55 1 133
26 56 1 398
26 57 1 680
26 58 1 258
26 59 1 605
26 61 1 511
26 63 1 758
26 65 1 710
26 69 1 974
26 72 1 756
26 73 1 141
26 74 1 942
26 75 1 484
26 76 1 910
26 80 1 872
30 31 1 871
30 32 1 226
30 34 1 352
30 37 1 633
30 43 1 922
30 44 1 850
30 48 1 783
30 50 1 389
30 52 1 962
30 53 1 466
30 58 1 650
30 61 1 704
30 64 1 137
30 66 1 230
30 67 1 214
30 68 1 359
30 75 1 592
31 33 1 598
31 40 1 385
31 42 1 588
31 44 1 403
31 45 1 614
31 46 1 342
31 47 1 636
31 48 1 249
31 49 1 111
31 50 1 974
31 52 1 708
31 54 1 272
31 55 1 778
31 57 1 699
31 59 1 472
31 63 1 695
31 64 1 668
31 65 1 979
31 66 1 182
31 68 1 594
31 72 1 908
31 75 1 153
31 77 1 160
31 79 1 807
34 35 1 923
34 40 1 472
34 41 1 959
34 43 1 224
34 44 1 660
34 45 1 487
34 49 1 128
34 53 1 559
34 56 1 331
34 58 1 627
34 61 1 832
34 64 1 110
34 65 1 948
34 66 1 672
34 68 1 620
34 70 1 524
34 71 1 107
34 74 1 300
34 75 1 440
34 79 1 210
45 46 1 905
45 47 1 328
45 49 1 878
45 50 1 509
45 55 1 600
45 56 1 614
45 57 1 162
45 58 1 465
45 59 1 177
45 60 1 430
45 62 1 802
45 63 1 622
45 65 1 115
45 66 1 121
45 68 1 879
45 69 1 457
45 71 1 934
45 72 1 681
45 73 1 207
45 75 1 951
45 78 1 154
45 79 1 111
51 53 1 271
51 56 1 903
51 57 1 747
51 58 1 265
51 61 1 948
51 63 1 633
51 65 1 644
51 67 1 820
51 69 1 316
51 71 1 201
51 73 1 410
51 76 1 124
51 79 1 574
52 53 1 535
52 56 1 199
52 57 1 511
52 59 1 557
52 64 1 927
52 65 1 626
52 66 1 321
52 70 1 930
52 71 1 501
52 72 1 331
52 77 1 790
52 78 1 653
52 79 1 530
54 57 1 986
54 60 1 309
54 62 1 963
54 63 1 111
54 65 1 171
54 69 1 845
54 70 1 983
54 71 1 149
54 72 1 276
54 73 1 926
54 76 1 427
54 77 1 779
54 79 1 677
54 80 1 212
57 58 1 133
57 60 1 756
57 62 1 240
57 63 1 567
57 65 1 851
57 66 1 714
57 69 1 906
57 70 1 783
57 71 1 830
57 72 1 591
57 77 1 431
59 60 1 282
59 61 1 960
59 63 1 987
59 64 1 632
59 65 1 243
59 66 1 227
59 68 1 922
59 69 1 125
59 75 1 270
59 76 1 706
59 78 1 721
59 80 1 395
60 61 1 540
60 62 1 945
60 63 1 165
60 66 1 325
60 67 1 531
60 70 1 806
60 72 1 616
60 73 1 404
60 74 1 701
60 75 1 412
60 76 1 886
60 77 1 286
60 78 1 879
61 62 1 543
61 64 1 607
61 65 1 910
61 66 1 703
61 67 1 666
61 71 1 800
61 72 1 670
61 74 1 743
61 80 1 248
67 69 1 254
67 70 1 617
67 72 1 734
67 74 1 275
67 77 1 483
67 78 1 593
67 79 1 520
73 75 1 763
73 76 1 951
73 77 1 363
76 78 1 454
77 78 1 732
77 79 1 318
77 80 1 338
7 14 1 696
7 15 1 614
7 16 1 741
7 17 1 638
7 18 1 342
7 19 1 993
7 20 1 308
7 21 1 971
7 22 1 337
7 23 1 903
7 25 1 781
7 29 1 780
7 33 1 957
7 36 1 645
7 39 1 965
7 40 1 591
7 42 1 920
7 44 1 139
7 45 1 310
7 46 1 472
7 47 1 807
7 49 1 866
7 50 1 652
7 51 1 141
7 52 1 307
7 53 1 986
7 54 1 446
7 58 1 740
7 61 1 466
7 63 1 754
7 73 1 580
7 74 1 198
7 75 1 279
7 76 1 779
7 78 1 407
7 79 1 671
7 80 1 853
12 13 1 318
12 15 1 143
12 16 1 763
12 19 1 766
12 20 1 409
12 22 1 394
12 23 1 875
12 25 1 878
12 26 1 315
12 27 1 407
12 29 1 373
12 30 1 300
12 31 1 114
12 32 1 406
12 35 1 283
12 38 1 259
12 40 1 863
12 42 1 869
12 45 1 627
12 47 1 509
12 49 1 927
12 51 1 543
12 52 1 635
12 53 1 690
12 56 1 761
12 57 1 584
12 60 1 763
12 62 1 561
12 70 1 378
12 71 1 433
12 72 1 897
12 73 1 406
12 74 1 180
12 75 1 502
12 78 1 805
12 79 1 803
13 14 1 521
13 15 1 143
13 16 1 647
13 19 1 482
13 20 1 141
13 22 1 781
13 23 1 945
13 26 1 431
13 28 1 134
13 31 1 613
13 33 1 355
13 34 1 535
13 38 1 628
13 43 1 807
13 44 1 989
13 45 1 650
13 46 1 473
13 47 1 781
13 49 1 270
13 53 1 638
13 54 1 394
13 55 1 546
13 58 1 687
13 59 1 196
13 60 1 260
13 63 1 666
13 64 1 981
13 66 1 118
13 67 1 795
13 68 1 615
13 69 1 308
13 70 1 813
13 71 1 927
13 72 1 241
13 73 1 928
13 79 1 773
15 16 1 594
15 21 1 876
15 22 1 766
15 27 1 740
15 31 1 494
15 32 1 955
15 33 1 714
15 35 1 358
15 39 1 986
15 40 1 279
15 45 1 624
15 46 1 139
15 47 1 121
15 49 1 782
15 51 1 121
15 53 1 251
15 56 1 625
15 58 1 133
15 61 1 203
15 62 1 898
15 63 1 523
15 65 1 120
15 72 1 609
15 75 1 806
15 76 1 814
15 77 1 840
15 78 1 666
19 22 1 436
19 23 1 714
19 25 1 418
19 26 1 360
19 30 1 840
19 31 1 156
19 32 1 316
19 33 1 379
19 34 1 886
19 35 1 617
19 36 1 181
19 38 1 656
19 39 1 242
19 42 1 629
19 46 1 770
19 50 1 516
19 52 1 849
19 53 1 429
19 58 1 180
19 63 1 752
19 67 1 913
19 68 1 265
19 69 1 377
19 71 1 481
19 73 1 867
19 75 1 341
19 76 1 443
19 78 1 698
19 79 1 758
22 24 1 819
22 26 1 580
22 27 1 892
22 28 1 221
22 35 1 451
22 39 1 501
22 42 1 796
22 45 1 640
22 46 1 562
22 47 1 705
22 48 1 437
22 49 1 138
22 50 1 339
22 52 1 317
22 53 1 985
22 54 1 937
22 57 1 231
22 58 1 455
22 62 1 679
22 63 1 461
22 64 1 716
22 67 1 248
22 68 1 632
22 71 1 322
22 72 1 615
22 73 1 847
22 75 1 284
22 80 1 300
28 32 1 887
28 33 1 929
28 35 1 832
28 36 1 600
28 37 1 533
28 38 1 514
28 42 1 585
28 44 1 710
28 45 1 752
28 46 1 197
28 47 1 580
28 48 1 907
28 51 1 465
28 53 1 633
28 56 1 878
28 59 1 202
28 60 1 881
28 61 1 808
28 63 1 235
28 64 1 857
28 65 1 273
28 66 1 412
28 67 1 783
28 68 1 794
28 69 1 200
28 73 1 180
28 74 1 561
32 34 1 699
32 36 1 575
32 37 1 280
32 41 1 123
32 43 1 183
32 45 1 106
32 47 1 527
32 48 1 536
32 51 1 295
32 52 1 740
32 54 1 618
32 55 1 124
32 56 1 497
32 57 1 656
32 58 1 692
32 60 1 216
32 61 1 646
32 64 1 980
32 65 1 363
32 69 1 713
32 71 1 236
32 72 1 358
32 73 1 350
32 77 1 182
32 78 1 699
32 79 1 549
36 37 1 696
36 38 1 957
36 45 1 610
36 47 1 465
36 48 1 524
36 50 1 127
36 51 1 614
36 57 1 559
36 58 1 862
36 59 1 533
36 60 1 764
36 62 1 802
36 65 1 754
36 66 1 163
36 67 1 478
36 68 1 246
36 71 1 559
36 72 1 620
36 75 1 353
36 76 1 748
36 78 1 865
37 38 1 658
37 39 1 497
37 40 1 815
37 42 1 785
37 43 1 257
37 44 1 787
37 46 1 518
37 47 1 439
37 49 1 221
37 54 1 461
37 56 1 175
37 57 1 307
37 59 1 539
37 60 1 919
37 62 1 383
37 65 1 212
37 67 1 314
37 68 1 670
37 69 1 800
37 72 1 131
37 74 1 357
37 76 1 721
37 79 1 164
40 41 1 227
40 42 1 445
40 43 1 977
40 45 1 501
40 46 1 457
40 48 1 944
40 51 1 691
40 53 1 474
40 54 1 799
40 55 1 360
40 58 1 501
40 63 1 341
40 66 1 947
40 68 1 133
40 69 1 462
40 70 1 287
40 72 1 205
40 73 1 723
40 75 1 694
40 76 1 157
40 77 1 806
40 78 1 122
40 79 1 209
40 80 1 374
43 45 1 477
43 49 1 388
43 50 1 165
43 51 1 356
43 61 1 322
43 62 1 854
43 63 1 347
43 64 1 503
43 65 1 637
43 66 1 777
43 68 1 838
43 70 1 303
43 71 1 265
43 72 1 829
43 73 1 484
43 74 1 839
43 77 1 267
43 78 1 578
43 80 1 133
46 53 1 540
46 54 1 822
46 57 1 334
46 59 1 338
46 61 1 905
46 62 1 221
46 63 1 351
46 64 1 574
46 71 1 970
46 73 1 604
46 74 1 848
46 75 1 335
46 77 1 504
46 78 1 487
46 79 1 199
50 53 1 638
50 54 1 196
50 55 1 958
50 58 1 257
50 60 1 275
50 63 1 483
50 64 1 880
50 68 1 982
50 72 1 656
50 75 1 656
50 76 1 504
55 58 1 874
55 59 1 836
55 61 1 752
55 62 1 237
55 64 1 708
55 65 1 859
55 66 1 492
55 67 1 177
55 68 1 257
55 71 1 776
55 73 1 892
55 74 1 225
55 75 1 358
55 77 1 137
55 79 1 290
55 80 1 369
65 69 1 467
65 70 1 438
65 73 1 206
65 74 1 984
65 75 1 761
65 79 1 298
23 26 1 226
23 27 1 531
23 30 1 534
23 31 1 700
23 32 1 171
23 33 1 842
23 37 1 888
23 38 1 606
23 39 1 543
23 41 1 321
23 42 1 220
23 43 1 196
23 45 1 328
23 47 1 230
23 49 1 987
23 50 1 937
23 52 1 752
23 53 1 999
23 55 1 612
23 57 1 426
23 58 1 237
23 59 1 257
23 62 1 545
23 64 1 364
23 65 1 456
23 66 1 244
23 67 1 159
23 68 1 134
23 72 1 909
23 73 1 644
23 75 1 890
23 76 1 161
23 78 1 479
64 66 1 281
64 67 1 171
64 68 1 759
64 69 1 403
64 71 1 973
64 72 1 595
64 73 1 807
64 75 1 675
64 76 1 353
70 72 1 977
70 73 1 938
70 75 1 239
70 79 1 569
24 25 1 826
24 27 1 994
24 31 1 648
24 32 1 625
24 34 1 981
24 36 1 502
24 37 1 269
24 40 1 743
24 41 1 302
24 42 1 723
24 43 1 926
24 45 1 562
24 53 1 251
24 57 1 790
24 58 1 200
24 60 1 205
24 62 1 905
24 63 1 802
24 65 1 970
24 70 1 992
24 72 1 382
24 73 1 599
24 74 1 347
24 75 1 234
24 78 1 777
24 79 1 502
42 44 1 679
42 45 1 195
42 47 1 373
42 48 1 660
42 49 1 787
42 51 1 261
42 53 1 427
42 54 1 567
42 55 1 415
42 56 1 535
42 58 1 374
42 59 1 933
42 60 1 923
42 62 1 138
42 64 1 722
42 65 1 798
42 68 1 869
42 73 1 885
42 75 1 221
42 78 1 215
58 61 1 456
58 62 1 545
58 64 1 233
58 65 1 126
58 66 1 548
58 67 1 546
58 68 1 864
58 69 1 385
58 80 1 629
41 46 1 428
41 49 1 156
41 50 1 1000
41 51 1 417
41 52 1 571
41 53 1 437
41 57 1 399
41 58 1 176
41 59 1 947
41 64 1 314
41 65 1 725
41 66 1 762
41 67 1 831
41 68 1 655
41 69 1 507
41 72 1 392
41 74 1 575
41 75 1 914
41 76 1 740
41 77 1 441
41 79 1 608
63 64 1 150
63 65 1 407
63 67 1 195
63 68 1 348
63 69 1 965
63 70 1 656
63 72 1 829
63 74 1 604
63 75 1 408
63 76 1 814
63 77 1 982
