90 3976
1 2 0 284
1 6 0 123
1 7 0 374
1 9 0 990
1 11 0 696
1 12 0 639
1 14 0 422
1 15 0 645
1 24 0 484
1 26 0 189
1 28 0 859
1 30 0 533
1 31 0 634
1 33 0 754
1 34 0 415
1 36 0 495
1 37 0 614
1 40 0 422
1 41 0 848
1 44 0 889
1 45 0 559
1 46 0 299
1 48 0 211
1 51 0 361
1 52 0 948
1 54 0 632
1 55 0 138
1 57 0 655
1 61 0 819
1 65 0 101
1 69 0 645
1 70 0 628
1 71 0 896
1 72 0 357
1 74 0 776
1 75 0 739
1 76 0 127
1 78 0 865
1 79 0 574
1 80 0 447
1 81 0 940
1 86 0 560
1 88 0 700
1 90 0 279
2 5 0 732
2 6 0 875
2 9 0 385
2 15 0 866
2 16 0 654
2 17 0 144
2 18 0 285
2 20 0 534
2 21 0 375
2 22 0 765
2 24 0 155
2 25 0 885
2 26 0 346
2 28 0 355
2 33 0 476
2 34 0 604
2 35 0 420
2 38 0 831
2 39 0 276
2 43 0 447
2 45 0 469
2 47 0 673
2 54 0 921
2 56 0 646
2 63 0 170
2 65 0 562
2 68 0 523
2 70 0 899
2 73 0 329
2 76 0 102
2 77 0 488
2 78 0 227
2 80 0 897
2 81 0 333
2 82 0 951
2 83 0 546
2 84 0 272
2 87 0 489
2 89 0 328
2 90 0 690
6 7 0 226
6 10 0 554
6 11 0 940
6 12 0 626
6 13 0 680
6 16 0 934
6 18 0 439
6 19 0 509
6 20 0 342
6 21 0 928
6 25 0 693
6 26 0 331
6 28 0 546
6 30 0 789
6 32 0 443
6 33 0 495
6 35 0 782
6 37 0 807
6 38 0 136
6 39 0 401
6 40 0 496
6 41 0 428
6 45 0 167
6 47 0 189
6 48 0 279
6 51 0 398
6 53 0 579
6 54 0 332
6 55 0 307
6 56 0 776
6 57 0 699
6 58 0 485
6 59 0 547
6 60 0 286
6 61 0 379
6 64 0 927
6 66 0 359
6 67 0 748
6 71 0 187
6 74 0 697
6 75 0 633
6 76 0 125
6 79 0 392
6 80 0 147
6 81 0 202
6 82 0 835
6 84 0 288
6 87 0 390
6 89 0 267
7 8 0 677
7 9 0 271
7 11 0 217
7 13 0 276
7 16 0 434
7 17 0 686
7 20 0 339
7 22 0 525
7 23 0 398
7 26 0 663
7 27 0 183
7 30 0 454
7 32 0 168
7 33 0 656
7 38 0 708
7 39 0 662
7 42 0 459
7 43 0 383
7 44 0 680
7 46 0 166
7 47 0 598
7 48 0 459
7 52 0 740
7 55 0 602
7 57 0 446
7 59 0 497
7 62 0 899
7 66 0 394
7 71 0 143
7 73 0 794
7 75 0 805
7 76 0 568
7 81 0 512
7 82 0 268
7 83 0 449
7 86 0 367
7 88 0 493
7 89 0 599
7 90 0 308
9 10 0 664
9 13 0 144
9 17 0 131
9 23 0 246
9 24 0 194
9 26 0 364
9 29 0 657
9 30 0 841
9 31 0 977
9 32 0 639
9 33 0 772
9 34 0 423
9 37 0 681
9 39 0 954
9 41 0 120
9 42 0 702
9 45 0 476
9 46 0 899
9 48 0 362
9 50 0 343
9 51 0 800
9 52 0 935
9 56 0 338
9 57 0 884
9 59 0 317
9 61 0 716
9 63 0 386
9 64 0 839
9 65 0 201
9 69 0 590
9 72 0 983
9 74 0 700
9 79 0 744
9 80 0 896
9 82 0 464
9 83 0 354
9 84 0 502
9 85 0 889
9 86 0 217
9 88 0 416
9 90 0 568
11 13 0 890
11 14 0 257
11 15 0 889
11 17 0 836
11 20 0 933
11 24 0 197
11 25 0 947
11 30 0 989
11 31 0 307
11 32 0 477
11 33 0 147
11 35 0 170
11 40 0 781
11 41 0 209
11 42 0 505
11 43 0 834
11 44 0 477
11 49 0 250
11 51 0 865
11 61 0 875
11 63 0 323
11 64 0 401
11 67 0 166
11 69 0 266
11 70 0 740
11 71 0 907
11 72 0 906
11 78 0 812
11 80 0 969
11 81 0 926
11 82 0 140
11 83 0 802
11 84 0 622
11 85 0 987
11 86 0 607
11 87 0 258
11 88 0 579
11 89 0 108
11 90 0 527
12 13 0 937
12 16 0 558
12 17 0 109
12 18 0 737
12 21 0 407
12 23 0 330
12 24 0 563
12 25 0 832
12 27 0 203
12 28 0 726
12 29 0 626
12 30 0 745
12 33 0 626
12 36 0 201
12 37 0 340
12 40 0 824
12 41 0 645
12 44 0 797
12 47 0 388
12 51 0 809
12 59 0 821
12 60 0 691
12 61 0 196
12 62 0 369
12 64 0 893
12 65 0 840
12 66 0 753
12 67 0 964
12 68 0 909
12 69 0 242
12 70 0 221
12 71 0 605
12 72 0 604
12 75 0 588
12 79 0 797
12 81 0 737
12 82 0 761
12 83 0 699
12 85 0 236
12 87 0 243
12 90 0 100
14 17 0 392
14 19 0 762
14 23 0 312
14 25 0 687
14 26 0 343
14 31 0 959
14 34 0 648
14 35 0 105
14 36 0 566
14 38 0 800
14 39 0 689
14 41 0 434
14 44 0 539
14 45 0 921
14 46 0 867
14 48 0 433
14 52 0 564
14 53 0 918
14 56 0 271
14 60 0 690
14 61 0 241
14 62 0 999
14 63 0 969
14 64 0 481
14 66 0 596
14 68 0 417
14 71 0 588
14 72 0 249
14 73 0 961
14 76 0 222
14 78 0 379
14 79 0 986
14 85 0 1000
14 86 0 402
14 87 0 918
14 88 0 631
15 16 0 530
15 17 0 385
15 18 0 501
15 19 0 755
15 20 0 732
15 21 0 842
15 29 0 541
15 30 0 159
15 31 0 592
15 32 0 103
15 38 0 123
15 40 0 270
15 43 0 921
15 46 0 216
15 48 0 777
15 51 0 919
15 52 0 186
15 56 0 259
15 57 0 590
15 58 0 817
15 59 0 805
15 60 0 661
15 61 0 747
15 63 0 354
15 65 0 451
15 66 0 683
15 70 0 848
15 72 0 814
15 73 0 720
15 76 0 528
15 78 0 773
15 79 0 236
15 80 0 690
15 81 0 620
15 82 0 109
15 86 0 284
15 87 0 719
15 89 0 841
15 90 0 361
24 26 0 931
24 27 0 872
24 29 0 370
24 30 0 548
24 32 0 501
24 34 0 796
24 35 0 723
24 36 0 899
24 37 0 704
24 38 0 924
24 39 0 322
24 43 0 495
24 46 0 982
24 48 0 569
24 50 0 403
24 51 0 826
24 52 0 135
24 53 0 398
24 54 0 461
24 56 0 218
24 58 0 425
24 59 0 907
24 60 0 489
24 61 0 387
24 62 0 935
24 66 0 312
24 67 0 972
24 68 0 713
24 74 0 772
24 75 0 572
24 76 0 540
24 79 0 872
24 80 0 625
24 85 0 967
24 88 0 187
26 27 0 930
26 28 0 610
26 29 0 965
26 34 0 851
26 37 0 348
26 38 0 114
26 42 0 214
26 45 0 657
26 46 0 541
26 48 0 442
26 49 0 725
26 53 0 397
26 56 0 115
26 59 0 233
26 61 0 905
26 62 0 546
26 65 0 615
26 66 0 566
26 69 0 390
26 72 0 297
26 76 0 112
26 77 0 851
26 79 0 429
26 80 0 857
26 81 0 375
26 83 0 471
26 84 0 305
26 87 0 878
26 90 0 710
28 29 0 366
28 30 0 102
28 34 0 181
28 38 0 102
28 46 0 217
28 47 0 201
28 48 0 890
28 50 0 180
28 51 0 304
28 52 0 412
28 53 0 661
28 58 0 958
28 59 0 191
28 61 0 694
28 63 0 223
28 66 0 603
28 67 0 450
28 70 0 285
28 72 0 467
28 74 0 577
28 79 0 898
28 80 0 897
28 81 0 920
28 86 0 150
28 89 0 848
28 90 0 466
30 31 0 817
30 32 0 256
30 33 0 864
30 34 0 851
30 35 0 977
30 38 0 680
30 41 0 864
30 42 0 249
30 44 0 147
30 45 0 792
30 48 0 607
30 50 0 811
30 51 0 627
30 54 0 597
30 55 0 652
30 58 0 326
30 59 0 753
30 63 0 851
30 67 0 153
30 68 0 758
30 73 0 997
30 75 0 394
30 77 0 817
30 79 0 867
30 82 0 272
30 83 0 844
30 84 0 743
30 85 0 294
30 86 0 350
30 90 0 969
31 33 0 780
31 39 0 528
31 40 0 426
31 44 0 413
31 47 0 320
31 52 0 700
31 53 0 683
31 54 0 206
31 56 0 252
31 57 0 637
31 58 0 299
31 61 0 714
31 64 0 238
31 65 0 617
31 67 0 182
31 70 0 748
31 73 0 402
31 78 0 859
31 81 0 156
31 83 0 947
31 84 0 438
31 86 0 708
31 87 0 268
31 88 0 227
31 89 0 990
31 90 0 184
33 35 0 828
33 38 0 950
33 39 0 223
33 40 0 896
33 41 0 773
33 42 0 751
33 43 0 912
33 46 0 133
33 48 0 240
33 50 0 389
33 51 0 970
33 53 0 508
33 55 0 611
33 56 0 610
33 57 0 488
33 59 0 402
33 60 0 643
33 61 0 487
33 63 0 967
33 64 0 580
33 66 0 849
33 67 0 522
33 68 0 661
33 69 0 613
33 73 0 102
33 77 0 929
33 78 0 570
33 79 0 411
33 81 0 959
33 84 0 223
33 85 0 324
33 86 0 581
33 87 0 790
33 88 0 266
33 89 0 340
33 90 0 368
34 36 0 209
34 37 0 217
34 44 0 458
34 46 0 268
34 49 0 290
34 50 0 293
34 52 0 627
34 53 0 760
34 58 0 592
34 62 0 786
34 63 0 960
34 66 0 800
34 69 0 678
34 70 0 127
34 72 0 548
34 73 0 116
34 76 0 301
34 77 0 239
34 79 0 523
34 82 0 766
34 83 0 190
34 85 0 748
34 86 0 556
34 88 0 413
34 90 0 878
36 37 0 966
36 38 0 297
36 39 0 522
36 40 0 590
36 41 0 570
36 44 0 530
36 45 0 834
36 50 0 369
36 53 0 495
36 55 0 425
36 56 0 985
36 61 0 875
36 66 0 206
36 69 0 642
36 72 0 364
36 73 0 172
36 76 0 623
36 78 0 938
36 79 0 141
36 80 0 794
36 82 0 365
36 83 0 290
36 85 0 844
36 87 0 351
36 88 0 844
36 89 0 284
37 40 0 508
37 43 0 173
37 46 0 664
37 49 0 103
37 50 0 752
37 51 0 468
37 52 0 933
37 53 0 117
37 55 0 601
37 57 0 152
37 58 0 184
37 59 0 526
37 63 0 860
37 64 0 722
37 65 0 239
37 67 0 582
37 68 0 407
37 70 0 374
37 72 0 206
37 73 0 734
37 74 0 660
37 75 0 332
37 78 0 685
37 80 0 823
37 89 0 815
40 43 0 938
40 44 0 639
40 46 0 421
40 50 0 163
40 51 0 956
40 52 0 841
40 53 0 252
40 58 0 639
40 61 0 835
40 63 0 600
40 67 0 274
40 75 0 565
40 76 0 214
40 79 0 665
40 80 0 360
40 85 0 988
40 87 0 145
40 88 0 492
40 90 0 887
41 43 0 865
41 44 0 598
41 45 0 309
41 46 0 227
41 49 0 192
41 50 0 559
41 52 0 508
41 53 0 190
41 56 0 131
41 57 0 979
41 58 0 885
41 62 0 846
41 65 0 417
41 66 0 765
41 75 0 955
41 79 0 465
41 81 0 570
41 83 0 879
41 84 0 690
41 85 0 520
41 88 0 739
41 89 0 312
44 46 0 333
44 47 0 169
44 48 0 764
44 49 0 815
44 50 0 541
44 52 0 759
44 53 0 860
44 54 0 598
44 56 0 712
44 57 0 231
44 60 0 840
44 61 0 419
44 62 0 446
44 63 0 601
44 65 0 473
44 69 0 404
44 71 0 738
44 76 0 588
44 78 0 285
44 79 0 717
44 84 0 672
44 85 0 672
44 87 0 493
44 88 0 800
44 89 0 654
44 90 0 570
45 46 0 900
45 47 0 503
45 48 0 923
45 49 0 905
45 50 0 143
45 55 0 915
45 57 0 850
45 58 0 102
45 59 0 265
45 64 0 929
45 65 0 825
45 69 0 791
45 70 0 701
45 71 0 408
45 76 0 465
45 77 0 787
45 82 0 626
45 87 0 883
45 88 0 656
45 90 0 832
46 47 0 873
46 48 0 181
46 49 0 462
46 53 0 268
46 57 0 509
46 58 0 368
46 61 0 633
46 64 0 710
46 65 0 222
46 68 0 594
46 72 0 894
46 74 0 167
46 75 0 780
46 77 0 251
46 78 0 249
46 79 0 399
46 80 0 535
46 82 0 776
46 83 0 210
46 84 0 622
46 85 0 972
46 86 0 261
46 87 0 425
46 89 0 362
46 90 0 944
48 51 0 258
48 53 0 695
48 55 0 776
48 56 0 968
48 57 0 433
48 59 0 439
48 64 0 684
48 65 0 529
48 67 0 171
48 69 0 954
48 70 0 806
48 73 0 950
48 75 0 579
48 78 0 247
48 83 0 633
51 52 0 596
51 55 0 214
51 56 0 472
51 58 0 935
51 59 0 111
51 61 0 225
51 62 0 999
51 65 0 561
51 68 0 185
51 69 0 386
51 70 0 215
51 76 0 985
51 81 0 353
51 82 0 360
51 83 0 724
51 86 0 436
51 90 0 200
52 53 0 972
52 54 0 565
52 59 0 104
52 62 0 875
52 64 0 817
52 68 0 921
52 70 0 281
52 72 0 315
52 75 0 256
52 76 0 546
52 80 0 514
52 83 0 961
52 84 0 556
52 85 0 715
52 87 0 585
52 89 0 370
52 90 0 727
54 60 0 367
54 62 0 910
54 63 0 358
54 65 0 530
54 67 0 513
54 69 0 256
54 71 0 127
54 72 0 958
54 74 0 659
54 75 0 863
54 76 0 747
54 78 0 425
54 82 0 322
54 83 0 232
54 84 0 997
54 85 0 957
54 86 0 537
54 89 0 268
55 58 0 658
55 63 0 357
55 64 0 179
55 70 0 332
55 71 0 749
55 72 0 301
55 73 0 733
55 77 0 983
55 79 0 537
55 83 0 640
55 84 0 326
55 86 0 217
55 87 0 238
55 88 0 156
55 90 0 338
57 58 0 376
57 59 0 971
57 60 0 890
57 63 0 106
57 64 0 991
57 66 0 366
57 68 0 529
57 69 0 875
57 70 0 315
57 73 0 274
57 74 0 552
57 76 0 993
57 77 0 440
57 78 0 671
57 81 0 845
57 84 0 952
57 85 0 107
57 86 0 807
57 88 0 348
57 89 0 130
57 90 0 636
61 62 0 464
61 64 0 305
61 67 0 140
61 68 0 614
61 69 0 422
61 71 0 581
61 73 0 805
61 74 0 884
61 75 0 872
61 77 0 621
61 83 0 215
61 84 0 680
61 86 0 525
61 87 0 729
61 89 0 983
61 90 0 111
65 66 0 704
65 67 0 497
65 69 0 994
65 70 0 987
65 72 0 798
65 73 0 868
65 75 0 624
65 77 0 968
65 82 0 268
65 83 0 863
65 89 0 869
65 90 0 522
69 72 0 412
69 75 0 929
69 77 0 563
69 78 0 442
69 79 0 664
69 80 0 826
69 81 0 983
69 85 0 517
69 86 0 684
69 87 0 437
69 88 0 591
70 71 0 602
70 72 0 695
70 76 0 925
70 83 0 535
70 84 0 116
70 85 0 629
70 88 0 926
70 90 0 980
71 72 0 958
71 75 0 176
71 77 0 735
71 78 0 929
71 79 0 959
71 80 0 982
71 82 0 257
71 83 0 580
71 84 0 221
71 88 0 783
71 89 0 524
71 90 0 802
72 75 0 583
72 77 0 935
72 78 0 419
72 79 0 719
72 82 0 636
72 83 0 264
72 86 0 585
72 87 0 692
72 89 0 626
74 75 0 418
74 77 0 346
74 78 0 986
74 79 0 234
74 82 0 818
74 85 0 997
74 87 0 485
74 88 0 269
74 89 0 800
75 76 0 169
75 78 0 548
75 79 0 651
75 80 0 847
75 82 0 828
75 83 0 878
75 84 0 606
75 85 0 717
75 86 0 629
75 88 0 712
75 90 0 757
76 77 0 862
76 78 0 158
76 80 0 629
76 81 0 997
76 83 0 353
76 86 0 318
76 87 0 543
76 88 0 537
76 90 0 847
78 79 0 716
78 80 0 936
78 82 0 192
78 83 0 518
78 85 0 535
78 86 0 230
79 82 0 246
79 87 0 740
79 89 0 391
79 90 0 768
80 82 0 876
80 83 0 223
80 87 0 139
80 88 0 497
80 89 0 117
80 90 0 784
81 82 0 412
81 86 0 967
86 87 0 616
88 90 0 337
5 7 0 609
5 9 0 937
5 10 0 188
5 12 0 322
5 13 0 821
5 15 0 976
5 16 0 638
5 17 0 767
5 18 0 561
5 19 0 750
5 21 0 855
5 22 0 751
5 23 0 334
5 24 0 312
5 25 0 153
5 27 0 598
5 28 0 256
5 29 0 629
5 30 0 393
5 31 0 454
5 33 0 363
5 38 0 536
5 40 0 983
5 41 0 287
5 43 0 684
5 50 0 625
5 51 0 487
5 53 0 466
5 56 0 505
5 58 0 993
5 59 0 557
5 61 0 351
5 65 0 944
5 66 0 576
5 68 0 768
5 70 0 567
5 72 0 755
5 73 0 861
5 77 0 662
5 78 0 904
5 80 0 441
5 86 0 209
5 87 0 776
5 88 0 901
16 18 0 690
16 19 0 749
16 20 0 642
16 22 0 612
16 24 0 573
16 25 0 776
16 28 0 348
16 29 0 216
16 30 0 359
16 32 0 755
16 34 0 470
16 35 0 746
16 38 0 495
16 39 0 896
16 41 0 619
16 45 0 801
16 48 0 982
16 51 0 144
16 52 0 755
16 54 0 499
16 57 0 850
16 59 0 962
16 60 0 394
16 61 0 308
16 63 0 824
16 64 0 929
16 67 0 193
16 68 0 622
16 71 0 570
16 72 0 630
16 75 0 143
16 76 0 377
16 77 0 389
16 78 0 746
16 79 0 653
16 83 0 126
16 84 0 242
16 87 0 846
16 89 0 139
16 90 0 765
17 18 0 449
17 20 0 341
17 21 0 390
17 22 0 744
17 24 0 735
17 25 0 185
17 26 0 630
17 28 0 699
17 29 0 620
17 30 0 882
17 31 0 528
17 32 0 859
17 34 0 939
17 35 0 641
17 41 0 407
17 43 0 123
17 47 0 982
17 49 0 220
17 51 0 695
17 53 0 572
17 55 0 187
17 56 0 549
17 57 0 860
17 58 0 932
17 61 0 965
17 66 0 298
17 67 0 553
17 68 0 417
17 72 0 168
17 73 0 346
17 76 0 780
17 77 0 230
17 79 0 916
17 82 0 838
17 89 0 161
17 90 0 901
18 19 0 560
18 20 0 166
18 22 0 516
18 23 0 580
18 25 0 433
18 26 0 142
18 27 0 979
18 29 0 377
18 30 0 194
18 31 0 827
18 32 0 233
18 33 0 678
18 36 0 789
18 37 0 309
18 39 0 288
18 41 0 694
18 43 0 162
18 45 0 505
18 46 0 466
18 47 0 856
18 49 0 586
18 52 0 889
18 53 0 280
18 55 0 724
18 57 0 628
18 58 0 562
18 59 0 481
18 60 0 280
18 63 0 661
18 67 0 920
18 68 0 407
18 69 0 852
18 70 0 123
18 74 0 376
18 79 0 932
18 80 0 649
18 82 0 518
18 83 0 296
18 84 0 272
18 87 0 953
18 89 0 338
20 21 0 761
20 23 0 548
20 25 0 254
20 26 0 506
20 30 0 373
20 32 0 324
20 34 0 557
20 35 0 724
20 36 0 449
20 39 0 701
20 41 0 233
20 43 0 667
20 44 0 829
20 45 0 636
20 46 0 740
20 48 0 110
20 49 0 452
20 51 0 724
20 54 0 546
20 57 0 645
20 61 0 972
20 62 0 920
20 64 0 136
20 69 0 422
20 70 0 217
20 71 0 800
20 72 0 169
20 75 0 192
20 76 0 574
20 78 0 206
20 79 0 198
20 80 0 845
20 81 0 803
20 82 0 866
20 84 0 117
20 86 0 361
20 87 0 362
20 89 0 183
21 23 0 550
21 24 0 595
21 25 0 813
21 27 0 301
21 34 0 177
21 36 0 192
21 38 0 441
21 39 0 700
21 41 0 282
21 42 0 759
21 43 0 422
21 44 0 856
21 49 0 653
21 50 0 272
21 55 0 743
21 58 0 289
21 59 0 118
21 60 0 389
21 64 0 458
21 67 0 558
21 68 0 968
21 69 0 612
21 75 0 995
21 77 0 130
21 79 0 257
21 81 0 576
21 82 0 114
21 83 0 308
21 84 0 256
21 85 0 348
21 88 0 328
21 89 0 128
22 23 0 448
22 25 0 168
22 27 0 561
22 32 0 342
22 33 0 386
22 38 0 724
22 44 0 162
22 47 0 451
22 48 0 429
22 53 0 852
22 56 0 936
22 60 0 638
22 65 0 411
22 68 0 325
22 69 0 404
22 70 0 997
22 71 0 868
22 75 0 896
22 76 0 310
22 78 0 372
22 79 0 516
22 86 0 163
22 87 0 458
22 89 0 342
25 26 0 501
25 28 0 912
25 31 0 882
25 32 0 786
25 33 0 118
25 35 0 707
25 38 0 766
25 39 0 145
25 43 0 819
25 44 0 952
25 45 0 164
25 46 0 223
25 47 0 147
25 48 0 722
25 49 0 303
25 51 0 463
25 52 0 783
25 53 0 290
25 54 0 652
25 55 0 602
25 58 0 136
25 60 0 691
25 62 0 245
25 65 0 754
25 66 0 626
25 72 0 910
25 74 0 975
25 75 0 872
25 76 0 807
25 77 0 311
25 78 0 775
25 82 0 826
25 83 0 987
25 84 0 208
25 85 0 172
35 36 0 755
35 40 0 818
35 42 0 316
35 44 0 220
35 47 0 847
35 48 0 240
35 49 0 601
35 50 0 127
35 58 0 582
35 60 0 127
35 64 0 951
35 67 0 718
35 70 0 312
35 71 0 151
35 74 0 466
35 75 0 275
35 76 0 214
35 78 0 568
35 79 0 906
35 80 0 536
35 81 0 677
35 84 0 755
35 88 0 928
35 89 0 355
35 90 0 178
38 41 0 298
38 43 0 411
38 46 0 496
38 47 0 928
38 48 0 768
38 49 0 644
38 52 0 430
38 55 0 842
38 59 0 835
38 61 0 933
38 62 0 657
38 63 0 860
38 69 0 803
38 73 0 565
38 74 0 756
38 76 0 483
38 79 0 542
38 81 0 429
38 83 0 862
38 84 0 131
38 85 0 902
38 86 0 678
38 87 0 771
38 88 0 308
39 40 0 330
39 42 0 277
39 43 0 796
39 46 0 702
39 48 0 329
39 50 0 971
39 51 0 504
39 60 0 267
39 63 0 807
39 64 0 988
39 65 0 153
39 68 0 970
39 71 0 813
39 73 0 885
39 76 0 158
39 77 0 519
39 78 0 194
39 81 0 423
39 82 0 644
39 83 0 764
39 85 0 896
39 86 0 159
43 44 0 532
43 46 0 411
43 47 0 110
43 48 0 589
43 49 0 938
43 50 0 222
43 51 0 348
43 53 0 278
43 54 0 986
43 56 0 517
43 59 0 314
43 60 0 457
43 62 0 851
43 63 0 940
43 71 0 132
43 74 0 596
43 76 0 680
43 77 0 452
43 78 0 149
43 83 0 934
43 84 0 252
43 88 0 534
47 48 0 263
47 49 0 753
47 50 0 391
47 51 0 626
47 52 0 355
47 53 0 393
47 54 0 200
47 55 0 295
47 57 0 147
47 58 0 545
47 59 0 178
47 62 0 837
47 64 0 789
47 65 0 512
47 67 0 846
47 69 0 406
47 71 0 129
47 73 0 562
47 76 0 157
47 78 0 475
47 79 0 600
47 80 0 416
47 81 0 431
47 84 0 826
47 87 0 547
47 90 0 788
56 58 0 519
56 59 0 406
56 60 0 918
56 63 0 443
56 64 0 592
56 66 0 787
56 67 0 698
56 68 0 509
56 69 0 743
56 70 0 684
56 71 0 564
56 73 0 495
56 80 0 480
56 81 0 834
56 83 0 144
56 85 0 258
56 89 0 733
63 65 0 135
63 70 0 433
63 72 0 958
63 74 0 516
63 76 0 512
63 79 0 377
63 80 0 573
63 82 0 115
63 85 0 199
63 86 0 432
63 87 0 796
63 90 0 177
68 70 0 880
68 74 0 641
68 76 0 722
68 77 0 986
68 79 0 755
68 80 0 477
68 81 0 447
68 82 0 312
68 83 0 680
68 84 0 224
68 85 0 482
68 86 0 818
68 87 0 789
68 88 0 957
73 75 0 744
73 79 0 928
73 81 0 757
73 82 0 712
73 83 0 276
73 86 0 171
73 87 0 335
77 79 0 352
77 83 0 322
77 86 0 123
77 87 0 236
77 88 0 629
77 89 0 746
77 90 0 649
82 83 0 772
82 85 0 251
82 86 0 831
82 88 0 503
82 89 0 197
83 86 0 126
83 87 0 849
83 88 0 149
84 85 0 607
84 87 0 915
84 90 0 645
87 88 0 688
87 89 0 607
87 90 0 611
3 5 0 524
3 7 0 100
3 8 0 106
3 9 0 247
3 10 0 995
3 13 0 796
3 17 0 308
3 19 0 354
3 20 0 143
3 22 0 294
3 23 0 590
3 24 0 291
3 25 0 214
3 27 0 544
3 28 0 848
3 30 0 748
3 32 0 196
3 35 0 110
3 36 0 755
3 37 0 965
3 38 0 199
3 39 0 673
3 40 0 199
3 41 0 163
3 44 0 597
3 47 0 800
3 52 0 212
3 54 0 164
3 55 0 507
3 56 0 764
3 58 0 683
3 60 0 353
3 61 0 292
3 64 0 781
3 65 0 631
3 66 0 190
3 67 0 853
3 68 0 650
3 70 0 648
3 71 0 907
3 72 0 620
3 77 0 127
3 79 0 680
3 80 0 293
3 89 0 584
8 9 0 879
8 10 0 459
8 11 0 276
8 12 0 214
8 13 0 380
8 16 0 850
8 19 0 685
8 20 0 355
8 22 0 452
8 25 0 916
8 27 0 429
8 30 0 866
8 31 0 746
8 33 0 155
8 34 0 640
8 38 0 148
8 40 0 664
8 41 0 199
8 42 0 177
8 43 0 856
8 44 0 996
8 46 0 706
8 47 0 552
8 49 0 677
8 50 0 153
8 51 0 293
8 52 0 266
8 54 0 788
8 56 0 307
8 58 0 930
8 65 0 989
8 69 0 717
8 70 0 389
8 72 0 380
8 73 0 794
8 75 0 135
8 76 0 857
8 78 0 121
8 80 0 185
8 81 0 441
8 85 0 520
8 86 0 699
8 90 0 389
10 11 0 618
10 13 0 601
10 14 0 811
10 18 0 218
10 21 0 121
10 23 0 291
10 25 0 714
10 28 0 208
10 33 0 235
10 35 0 776
10 36 0 505
10 38 0 423
10 41 0 439
10 43 0 682
10 45 0 193
10 47 0 209
10 48 0 454
10 50 0 784
10 53 0 640
10 55 0 548
10 56 0 445
10 57 0 864
10 59 0 953
10 60 0 807
10 61 0 271
10 62 0 343
10 65 0 332
10 69 0 466
10 70 0 882
10 71 0 183
10 72 0 478
10 74 0 265
10 75 0 119
10 76 0 803
10 78 0 755
10 79 0 739
10 80 0 642
10 82 0 630
10 83 0 740
10 86 0 442
13 15 0 761
13 18 0 316
13 20 0 694
13 21 0 504
13 22 0 676
13 24 0 342
13 27 0 994
13 28 0 117
13 32 0 103
13 33 0 347
13 35 0 861
13 36 0 267
13 37 0 719
13 38 0 534
13 45 0 194
13 50 0 118
13 51 0 209
13 52 0 105
13 53 0 154
13 55 0 388
13 57 0 562
13 58 0 350
13 59 0 392
13 60 0 971
13 62 0 474
13 63 0 399
13 65 0 818
13 66 0 226
13 67 0 716
13 68 0 604
13 69 0 135
13 71 0 460
13 72 0 448
13 73 0 403
13 75 0 341
13 78 0 312
13 80 0 597
13 85 0 105
13 86 0 160
13 87 0 486
13 90 0 798
19 21 0 657
19 23 0 722
19 24 0 257
19 26 0 484
19 27 0 115
19 28 0 341
19 29 0 913
19 31 0 332
19 35 0 775
19 37 0 264
19 38 0 320
19 39 0 124
19 43 0 995
19 44 0 189
19 47 0 644
19 53 0 937
19 54 0 769
19 61 0 322
19 62 0 800
19 64 0 415
19 66 0 369
19 70 0 929
19 71 0 168
19 76 0 919
19 77 0 244
19 79 0 387
19 80 0 487
19 82 0 797
19 83 0 674
19 85 0 250
19 87 0 519
19 88 0 456
19 89 0 455
19 90 0 238
23 24 0 891
23 26 0 748
23 27 0 615
23 29 0 460
23 31 0 477
23 32 0 689
23 34 0 647
23 35 0 557
23 39 0 658
23 41 0 251
23 42 0 890
23 44 0 804
23 45 0 631
23 46 0 830
23 47 0 933
23 50 0 316
23 51 0 104
23 55 0 412
23 56 0 788
23 57 0 454
23 58 0 465
23 59 0 653
23 60 0 140
23 62 0 771
23 63 0 739
23 64 0 413
23 66 0 854
23 68 0 477
23 69 0 174
23 70 0 159
23 72 0 224
23 73 0 878
23 74 0 382
23 75 0 259
23 77 0 438
23 78 0 939
23 79 0 376
23 80 0 271
23 81 0 472
23 85 0 281
23 87 0 206
23 88 0 420
23 89 0 841
27 28 0 294
27 29 0 703
27 36 0 555
27 41 0 182
27 42 0 219
27 43 0 846
27 44 0 719
27 46 0 348
27 50 0 246
27 52 0 877
27 53 0 577
27 55 0 935
27 59 0 154
27 61 0 370
27 62 0 360
27 63 0 719
27 65 0 378
27 68 0 609
27 69 0 773
27 70 0 624
27 71 0 704
27 72 0 756
27 73 0 711
27 76 0 893
27 78 0 229
27 80 0 301
27 84 0 110
32 33 0 375
32 37 0 807
32 40 0 761
32 41 0 774
32 43 0 879
32 45 0 556
32 49 0 854
32 50 0 693
32 55 0 521
32 63 0 362
32 66 0 392
32 67 0 432
32 69 0 399
32 73 0 722
32 74 0 838
32 75 0 128
32 78 0 885
32 81 0 786
32 82 0 594
32 84 0 923
32 85 0 942
32 89 0 280
32 90 0 592
58 59 0 295
58 61 0 919
58 63 0 469
58 64 0 261
58 66 0 102
58 67 0 948
58 68 0 950
58 69 0 829
58 72 0 392
58 75 0 606
58 76 0 756
58 78 0 606
58 80 0 706
58 81 0 851
58 83 0 537
58 86 0 970
58 87 0 988
58 88 0 219
58 90 0 619
60 61 0 887
60 63 0 110
60 67 0 487
60 68 0 180
60 70 0 107
60 72 0 615
60 76 0 710
60 79 0 393
60 82 0 782
60 86 0 921
60 87 0 780
60 90 0 999
64 65 0 313
64 67 0 121
64 68 0 314
64 69 0 713
64 70 0 448
64 71 0 292
64 76 0 834
64 79 0 107
64 81 0 483
64 89 0 661
66 67 0 676
66 68 0 569
66 69 0 337
66 70 0 932
66 76 0 312
66 77 0 641
66 78 0 992
66 79 0 568
66 81 0 490
66 82 0 702
66 83 0 945
66 84 0 218
66 86 0 139
66 89 0 268
67 69 0 987
67 70 0 671
67 71 0 647
67 72 0 873
67 74 0 327
67 75 0 376
67 77 0 510
67 79 0 869
67 80 0 144
67 86 0 277
67 88 0 621
67 90 0 288
4 8 0 945
4 11 0 823
4 12 0 873
4 14 0 837
4 17 0 412
4 18 0 715
4 19 0 465
4 21 0 670
4 23 0 178
4 26 0 966
4 30 0 311
4 34 0 957
4 35 0 907
4 36 0 802
4 38 0 918
4 40 0 730
4 41 0 272
4 42 0 837
4 43 0 815
4 44 0 778
4 46 0 974
4 54 0 107
4 57 0 768
4 58 0 838
4 59 0 664
4 61 0 694
4 62 0 561
4 63 0 841
4 65 0 382
4 66 0 881
4 67 0 949
4 68 0 859
4 69 0 636
4 73 0 821
4 74 0 147
4 75 0 212
4 77 0 643
4 80 0 737
4 83 0 732
4 84 0 362
4 86 0 241
4 88 0 163
4 90 0 419
42 43 0 981
42 45 0 406
42 46 0 694
42 47 0 460
42 54 0 541
42 56 0 830
42 57 0 670
42 59 0 838
42 63 0 358
42 64 0 301
42 65 0 801
42 72 0 454
42 74 0 512
42 75 0 103
42 76 0 816
42 77 0 885
42 78 0 995
42 80 0 729
42 81 0 483
42 82 0 688
42 83 0 160
42 84 0 448
42 85 0 305
42 86 0 749
42 89 0 282
59 60 0 927
59 65 0 583
59 66 0 530
59 67 0 967
59 68 0 807
59 72 0 800
59 74 0 920
59 75 0 845
59 77 0 547
59 82 0 695
59 83 0 392
59 84 0 739
59 88 0 704
59 89 0 198
59 90 0 366
62 63 0 301
62 64 0 886
62 65 0 814
62 66 0 394
62 67 0 803
62 68 0 590
62 70 0 128
62 71 0 820
62 72 0 154
62 73 0 865
62 74 0 206
62 77 0 159
62 78 0 915
62 81 0 844
62 83 0 983
62 84 0 572
62 85 0 170
62 86 0 170
62 87 0 911
62 88 0 752
29 32 0 433
29 35 0 469
29 37 0 403
29 39 0 829
29 44 0 905
29 48 0 847
29 49 0 932
29 50 0 738
29 52 0 822
29 54 0 353
29 56 0 221
29 59 0 110
29 63 0 240
29 64 0 782
29 66 0 871
29 69 0 860
29 70 0 931
29 71 0 449
29 75 0 471
29 77 0 455
29 78 0 607
29 81 0 888
29 82 0 567
29 83 0 668
29 84 0 673
29 86 0 693
29 87 0 931
29 90 0 636
50 51 0 374
50 52 0 254
50 56 0 385
50 57 0 594
50 58 0 433
50 62 0 973
50 63 0 279
50 71 0 988
50 72 0 969
50 73 0 573
50 75 0 560
50 76 0 246
50 77 0 863
50 78 0 964
50 79 0 768
50 87 0 686
50 89 0 699
50 90 0 144
53 54 0 437
53 55 0 267
53 58 0 581
53 60 0 616
53 68 0 500
53 70 0 465
53 73 0 962
53 74 0 147
53 75 0 680
53 77 0 408
53 80 0 641
53 81 0 535
53 82 0 568
53 83 0 179
53 86 0 103
53 87 0 239
53 88 0 611
53 89 0 960
49 52 0 713
49 56 0 427
49 57 0 672
49 58 0 836
49 62 0 723
49 65 0 430
49 66 0 965
49 67 0 165
49 72 0 827
49 73 0 483
49 74 0 178
49 77 0 486
49 78 0 543
49 80 0 550
49 82 0 714
49 84 0 194
49 85 0 276
49 88 0 685
49 89 0 118
85 90 0 150
1 2 1 878
1 6 1 263
1 7 1 321
1 9 1 709
1 11 1 616
1 12 1 825
1 14 1 651
1 15 1 203
1 24 1 994
1 26 1 442
1 28 1 405
1 30 1 843
1 31 1 904
1 33 1 893
1 34 1 750
1 36 1 959
1 37 1 1000
1 40 1 974
1 41 1 630
1 44 1 768
1 45 1 825
1 46 1 118
1 48 1 958
1 51 1 814
1 52 1 737
1 54 1 111
1 55 1 403
1 57 1 958
1 61 1 928
1 65 1 938
1 69 1 967
1 70 1 800
1 71 1 719
1 72 1 523
1 74 1 748
1 75 1 806
1 76 1 106
1 78 1 514
1 79 1 553
1 80 1 274
1 81 1 945
1 86 1 842
1 88 1 559
1 90 1 162
2 5 1 454
2 6 1 916
2 9 1 374
2 15 1 269
2 16 1 680
2 17 1 997
2 18 1 767
2 20 1 904
2 21 1 528
2 22 1 971
2 24 1 539
2 25 1 602
2 26 1 724
2 28 1 710
2 33 1 796
2 34 1 878
2 35 1 906
2 38 1 233
2 39 1 142
2 43 1 256
2 45 1 252
2 47 1 887
2 54 1 897
2 56 1 821
2 63 1 488
2 65 1 637
2 68 1 302
2 70 1 140
2 73 1 896
2 76 1 733
2 77 1 813
2 78 1 860
2 80 1 299
2 81 1 866
2 82 1 654
2 83 1 371
2 84 1 912
2 87 1 982
2 89 1 133
2 90 1 993
6 7 1 733
6 10 1 462
6 11 1 562
6 12 1 888
6 13 1 895
6 16 1 557
6 18 1 270
6 19 1 123
6 20 1 421
6 21 1 197
6 25 1 744
6 26 1 898
6 28 1 210
6 30 1 708
6 32 1 179
6 33 1 638
6 35 1 592
6 37 1 264
6 38 1 705
6 39 1 860
6 40 1 742
6 41 1 824
6 45 1 789
6 47 1 833
6 48 1 475
6 51 1 447
6 53 1 652
6 54 1 258
6 55 1 146
6 56 1 624
6 57 1 764
6 58 1 596
6 59 1 691
6 60 1 629
6 61 1 305
6 64 1 317
6 66 1 850
6 67 1 692
6 71 1 636
6 74 1 875
6 75 1 511
6 76 1 277
6 79 1 925
6 80 1 807
6 81 1 204
6 82 1 236
6 84 1 663
6 87 1 115
6 89 1 507
7 8 1 211
7 9 1 143
7 11 1 767
7 13 1 858
7 16 1 992
7 17 1 157
7 20 1 127
7 22 1 198
7 23 1 709
7 26 1 776
7 27 1 603
7 30 1 412
7 32 1 322
7 33 1 498
7 38 1 918
7 39 1 622
7 42 1 338
7 43 1 899
7 44 1 115
7 46 1 644
7 47 1 956
7 48 1 882
7 52 1 129
7 55 1 803
7 57 1 128
7 59 1 339
7 62 1 732
7 66 1 991
7 71 1 653
7 73 1 825
7 75 1 993
7 76 1 319
7 81 1 652
7 82 1 535
7 83 1 978
7 86 1 444
7 88 1 798
7 89 1 678
7 90 1 662
9 10 1 327
9 13 1 224
9 17 1 755
9 23 1 479
9 24 1 574
9 26 1 135
9 29 1 791
9 30 1 249
9 31 1 250
9 32 1 520
9 33 1 682
9 34 1 552
9 37 1 836
9 39 1 798
9 41 1 710
9 42 1 323
9 45 1 909
9 46 1 888
9 48 1 292
9 50 1 240
9 51 1 669
9 52 1 124
9 56 1 495
9 57 1 891
9 59 1 984
9 61 1 556
9 63 1 256
9 64 1 506
9 65 1 946
9 69 1 156
9 72 1 241
9 74 1 796
9 79 1 583
9 80 1 772
9 82 1 341
9 83 1 484
9 84 1 864
9 85 1 906
9 86 1 564
9 88 1 665
9 90 1 360
11 13 1 857
11 14 1 192
11 15 1 950
11 17 1 747
11 20 1 226
11 24 1 798
11 25 1 639
11 30 1 875
11 31 1 236
11 32 1 610
11 33 1 390
11 35 1 379
11 40 1 147
11 41 1 645
11 42 1 449
11 43 1 194
11 44 1 120
11 49 1 644
11 51 1 397
11 61 1 489
11 63 1 909
11 64 1 794
11 67 1 963
11 69 1 792
11 70 1 543
11 71 1 231
11 72 1 948
11 78 1 236
11 80 1 589
11 81 1 477
11 82 1 335
11 83 1 998
11 84 1 514
11 85 1 629
11 86 1 174
11 87 1 423
11 88 1 120
11 89 1 978
11 90 1 672
12 13 1 242
12 16 1 246
12 17 1 211
12 18 1 833
12 21 1 499
12 23 1 219
12 24 1 487
12 25 1 276
12 27 1 294
12 28 1 835
12 29 1 954
12 30 1 588
12 33 1 918
12 36 1 148
12 37 1 374
12 40 1 730
12 41 1 820
12 44 1 816
12 47 1 619
12 51 1 617
12 59 1 143
12 60 1 129
12 61 1 493
12 62 1 287
12 64 1 412
12 65 1 266
12 66 1 573
12 67 1 538
12 68 1 398
12 69 1 826
12 70 1 670
12 71 1 998
12 72 1 447
12 75 1 418
12 79 1 474
12 81 1 215
12 82 1 505
12 83 1 333
12 85 1 255
12 87 1 339
12 90 1 806
14 17 1 157
14 19 1 139
14 23 1 496
14 25 1 249
14 26 1 776
14 31 1 521
14 34 1 303
14 35 1 892
14 36 1 117
14 38 1 131
14 39 1 629
14 41 1 195
14 44 1 305
14 45 1 573
14 46 1 689
14 48 1 384
14 52 1 404
14 53 1 217
14 56 1 565
14 60 1 634
14 61 1 530
14 62 1 343
14 63 1 975
14 64 1 777
14 66 1 518
14 68 1 350
14 71 1 259
14 72 1 654
14 73 1 142
14 76 1 981
14 78 1 667
14 79 1 210
14 85 1 231
14 86 1 190
14 87 1 482
14 88 1 544
15 16 1 268
15 17 1 767
15 18 1 965
15 19 1 729
15 20 1 782
15 21 1 405
15 29 1 179
15 30 1 126
15 31 1 984
15 32 1 551
15 38 1 403
15 40 1 760
15 43 1 540
15 46 1 400
15 48 1 306
15 51 1 508
15 52 1 643
15 56 1 500
15 57 1 356
15 58 1 276
15 59 1 955
15 60 1 883
15 61 1 113
15 63 1 745
15 65 1 496
15 66 1 245
15 70 1 246
15 72 1 553
15 73 1 275
15 76 1 784
15 78 1 648
15 79 1 771
15 80 1 698
15 81 1 630
15 82 1 843
15 86 1 773
15 87 1 286
15 89 1 400
15 90 1 129
24 26 1 406
24 27 1 677
24 29 1 250
24 30 1 155
24 32 1 346
24 34 1 588
24 35 1 343
24 36 1 398
24 37 1 221
24 38 1 351
24 39 1 350
24 43 1 653
24 46 1 342
24 48 1 565
24 50 1 423
24 51 1 299
24 52 1 385
24 53 1 105
24 54 1 781
24 56 1 230
24 58 1 872
24 59 1 933
24 60 1 254
24 61 1 447
24 62 1 365
24 66 1 858
24 67 1 364
24 68 1 796
24 74 1 179
24 75 1 365
24 76 1 142
24 79 1 374
24 80 1 741
24 85 1 935
24 88 1 936
26 27 1 899
26 28 1 666
26 29 1 378
26 34 1 414
26 37 1 824
26 38 1 180
26 42 1 223
26 45 1 396
26 46 1 339
26 48 1 765
26 49 1 402
26 53 1 456
26 56 1 560
26 59 1 544
26 61 1 100
26 62 1 642
26 65 1 351
26 66 1 443
26 69 1 300
26 72 1 284
26 76 1 923
26 77 1 346
26 79 1 473
26 80 1 347
26 81 1 259
26 83 1 786
26 84 1 145
26 87 1 873
26 90 1 132
28 29 1 466
28 30 1 818
28 34 1 339
28 38 1 879
28 46 1 817
28 47 1 745
28 48 1 520
28 50 1 508
28 51 1 654
28 52 1 684
28 53 1 677
28 58 1 881
28 59 1 333
28 61 1 654
28 63 1 380
28 66 1 661
28 67 1 571
28 70 1 167
28 72 1 397
28 74 1 614
28 79 1 153
28 80 1 915
28 81 1 430
28 86 1 454
28 89 1 981
28 90 1 604
30 31 1 854
30 32 1 185
30 33 1 820
30 34 1 683
30 35 1 239
30 38 1 968
30 41 1 116
30 42 1 597
30 44 1 744
30 45 1 667
30 48 1 744
30 50 1 141
30 51 1 490
30 54 1 326
30 55 1 148
30 58 1 692
30 59 1 584
30 63 1 778
30 67 1 891
30 68 1 822
30 73 1 152
30 75 1 496
30 77 1 453
30 79 1 527
30 82 1 551
30 83 1 108
30 84 1 867
30 85 1 920
30 86 1 712
30 90 1 385
31 33 1 428
31 39 1 529
31 40 1 464
31 44 1 251
31 47 1 768
31 52 1 332
31 53 1 656
31 54 1 602
31 56 1 761
31 57 1 164
31 58 1 685
31 61 1 108
31 64 1 563
31 65 1 593
31 67 1 468
31 70 1 476
31 73 1 251
31 78 1 190
31 81 1 824
31 83 1 961
31 84 1 825
31 86 1 410
31 87 1 349
31 88 1 575
31 89 1 717
31 90 1 462
33 35 1 292
33 38 1 659
33 39 1 896
33 40 1 643
33 41 1 869
33 42 1 361
33 43 1 810
33 46 1 660
33 48 1 752
33 50 1 487
33 51 1 133
33 53 1 668
33 55 1 381
33 56 1 667
33 57 1 893
33 59 1 232
33 60 1 412
33 61 1 453
33 63 1 547
33 64 1 585
33 66 1 555
33 67 1 903
33 68 1 352
33 69 1 845
33 73 1 357
33 77 1 867
33 78 1 187
33 79 1 569
33 81 1 348
33 84 1 645
33 85 1 369
33 86 1 994
33 87 1 276
33 88 1 774
33 89 1 320
33 90 1 528
34 36 1 508
34 37 1 140
34 44 1 322
34 46 1 752
34 49 1 873
34 50 1 675
34 52 1 672
34 53 1 353
34 58 1 675
34 62 1 910
34 63 1 774
34 66 1 664
34 69 1 298
34 70 1 562
34 72 1 339
34 73 1 369
34 76 1 602
34 77 1 269
34 79 1 821
34 82 1 931
34 83 1 543
34 85 1 819
34 86 1 751
34 88 1 995
34 90 1 238
36 37 1 145
36 38 1 221
36 39 1 355
36 40 1 724
36 41 1 182
36 44 1 776
36 45 1 914
36 50 1 483
36 53 1 431
36 55 1 644
36 56 1 846
36 61 1 408
36 66 1 614
36 69 1 518
36 72 1 366
36 73 1 409
36 76 1 888
36 78 1 386
36 79 1 648
36 80 1 543
36 82 1 221
36 83 1 887
36 85 1 863
36 87 1 956
36 88 1 376
36 89 1 248
37 40 1 748
37 43 1 955
37 46 1 297
37 49 1 556
37 50 1 718
37 51 1 296
37 52 1 976
37 53 1 842
37 55 1 745
37 57 1 758
37 58 1 756
37 59 1 866
37 63 1 336
37 64 1 508
37 65 1 762
37 67 1 599
37 68 1 247
37 70 1 320
37 72 1 920
37 73 1 605
37 74 1 570
37 75 1 405
37 78 1 808
37 80 1 265
37 89 1 626
40 43 1 270
40 44 1 520
40 46 1 379
40 50 1 925
40 51 1 758
40 52 1 135
40 53 1 377
40 58 1 693
40 61 1 547
40 63 1 440
40 67 1 831
40 75 1 574
40 76 1 118
40 79 1 648
40 80 1 784
40 85 1 160
40 87 1 871
40 88 1 623
40 90 1 172
41 43 1 325
41 44 1 870
41 45 1 294
41 46 1 810
41 49 1 241
41 50 1 922
41 52 1 220
41 53 1 392
41 56 1 441
41 57 1 588
41 58 1 644
41 62 1 587
41 65 1 174
41 66 1 625
41 75 1 531
41 79 1 887
41 81 1 584
41 83 1 856
41 84 1 735
41 85 1 642
41 88 1 809
41 89 1 781
44 46 1 306
44 47 1 567
44 48 1 314
44 49 1 482
44 50 1 620
44 52 1 589
44 53 1 873
44 54 1 373
44 56 1 247
44 57 1 338
44 60 1 203
44 61 1 927
44 62 1 145
44 63 1 209
44 65 1 288
44 69 1 864
44 71 1 224
44 76 1 189
44 78 1 338
44 79 1 288
44 84 1 424
44 85 1 601
44 87 1 900
44 88 1 266
44 89 1 854
44 90 1 900
45 46 1 630
45 47 1 865
45 48 1 934
45 49 1 933
45 50 1 397
45 55 1 560
45 57 1 503
45 58 1 441
45 59 1 261
45 64 1 710
45 65 1 817
45 69 1 708
45 70 1 924
45 71 1 335
45 76 1 107
45 77 1 469
45 82 1 738
45 87 1 872
45 88 1 353
45 90 1 805
46 47 1 374
46 48 1 448
46 49 1 177
46 53 1 448
46 57 1 971
46 58 1 887
46 61 1 317
46 64 1 439
46 65 1 846
46 68 1 358
46 72 1 973
46 74 1 713
46 75 1 749
46 77 1 632
46 78 1 591
46 79 1 353
46 80 1 887
46 82 1 697
46 83 1 909
46 84 1 590
46 85 1 773
46 86 1 891
46 87 1 239
46 89 1 261
46 90 1 315
48 51 1 879
48 53 1 905
48 55 1 422
48 56 1 904
48 57 1 763
48 59 1 138
48 64 1 813
48 65 1 848
48 67 1 496
48 69 1 195
48 70 1 945
48 73 1 204
48 75 1 812
48 78 1 305
48 83 1 471
51 52 1 190
51 55 1 749
51 56 1 874
51 58 1 193
51 59 1 430
51 61 1 703
51 62 1 192
51 65 1 496
51 68 1 903
51 69 1 515
51 70 1 815
51 76 1 970
51 81 1 736
51 82 1 343
51 83 1 363
51 86 1 507
51 90 1 457
52 53 1 612
52 54 1 749
52 59 1 877
52 62 1 335
52 64 1 501
52 68 1 784
52 70 1 823
52 72 1 512
52 75 1 627
52 76 1 957
52 80 1 600
52 83 1 656
52 84 1 883
52 85 1 383
52 87 1 800
52 89 1 998
52 90 1 337
54 60 1 759
54 62 1 181
54 63 1 680
54 65 1 408
54 67 1 434
54 69 1 927
54 71 1 763
54 72 1 795
54 74 1 470
54 75 1 530
54 76 1 787
54 78 1 522
54 82 1 583
54 83 1 876
54 84 1 976
54 85 1 295
54 86 1 996
54 89 1 416
55 58 1 771
55 63 1 463
55 64 1 207
55 70 1 441
55 71 1 702
55 72 1 791
55 73 1 735
55 77 1 853
55 79 1 803
55 83 1 316
55 84 1 509
55 86 1 220
55 87 1 339
55 88 1 787
55 90 1 317
57 58 1 435
57 59 1 851
57 60 1 370
57 63 1 177
57 64 1 573
57 66 1 307
57 68 1 459
57 69 1 406
57 70 1 623
57 73 1 246
57 74 1 165
57 76 1 904
57 77 1 415
57 78 1 249
57 81 1 180
57 84 1 106
57 85 1 153
57 86 1 490
57 88 1 651
57 89 1 567
57 90 1 963
61 62 1 209
61 64 1 441
61 67 1 988
61 68 1 221
61 69 1 910
61 71 1 206
61 73 1 527
61 74 1 858
61 75 1 778
61 77 1 375
61 83 1 428
61 84 1 232
61 86 1 370
61 87 1 115
61 89 1 401
61 90 1 701
65 66 1 265
65 67 1 643
65 69 1 589
65 70 1 431
65 72 1 944
65 73 1 501
65 75 1 935
65 77 1 316
65 82 1 798
65 83 1 625
65 89 1 131
65 90 1 881
69 72 1 903
69 75 1 303
69 77 1 462
69 78 1 332
69 79 1 812
69 80 1 303
69 81 1 343
69 85 1 718
69 86 1 698
69 87 1 444
69 88 1 867
70 71 1 990
70 72 1 892
70 76 1 621
70 83 1 156
70 84 1 661
70 85 1 666
70 88 1 524
70 90 1 623
71 72 1 466
71 75 1 262
71 77 1 590
71 78 1 298
71 79 1 266
71 80 1 712
71 82 1 636
71 83 1 742
71 84 1 983
71 88 1 308
71 89 1 794
71 90 1 328
72 75 1 635
72 77 1 180
72 78 1 568
72 79 1 102
72 82 1 551
72 83 1 874
72 86 1 825
72 87 1 693
72 89 1 402
74 75 1 568
74 77 1 447
74 78 1 444
74 79 1 245
74 82 1 296
74 85 1 533
74 87 1 264
74 88 1 398
74 89 1 159
75 76 1 529
75 78 1 242
75 79 1 863
75 80 1 582
75 82 1 142
75 83 1 101
75 84 1 537
75 85 1 594
75 86 1 982
75 88 1 398
75 90 1 148
76 77 1 996
76 78 1 378
76 80 1 809
76 81 1 974
76 83 1 184
76 86 1 622
76 87 1 140
76 88 1 538
76 90 1 413
78 79 1 929
78 80 1 136
78 82 1 687
78 83 1 634
78 85 1 870
78 86 1 837
79 82 1 999
79 87 1 102
79 89 1 106
79 90 1 114
80 82 1 319
80 83 1 644
80 87 1 751
80 88 1 264
80 89 1 678
80 90 1 425
81 82 1 500
81 86 1 118
86 87 1 915
88 90 1 686
5 7 1 220
5 9 1 986
5 10 1 160
5 12 1 812
5 13 1 761
5 15 1 727
5 16 1 961
5 17 1 813
5 18 1 486
5 19 1 999
5 21 1 393
5 22 1 691
5 23 1 236
5 24 1 353
5 25 1 696
5 27 1 401
5 28 1 283
5 29 1 560
5 30 1 507
5 31 1 670
5 33 1 245
5 38 1 527
5 40 1 379
5 41 1 524
5 43 1 938
5 50 1 682
5 51 1 143
5 53 1 119
5 56 1 254
5 58 1 322
5 59 1 990
5 61 1 974
5 65 1 236
5 66 1 284
5 68 1 275
5 70 1 140
5 72 1 323
5 73 1 469
5 77 1 262
5 78 1 122
5 80 1 353
5 86 1 861
5 87 1 698
5 88 1 341
16 18 1 236
16 19 1 830
16 20 1 783
16 22 1 669
16 24 1 776
16 25 1 792
16 28 1 466
16 29 1 365
16 30 1 717
16 32 1 131
16 34 1 419
16 35 1 887
16 38 1 770
16 39 1 223
16 41 1 529
16 45 1 767
16 48 1 556
16 51 1 534
16 52 1 307
16 54 1 508
16 57 1 146
16 59 1 695
16 60 1 707
16 61 1 719
16 63 1 510
16 64 1 672
16 67 1 677
16 68 1 873
16 71 1 533
16 72 1 654
16 75 1 919
16 76 1 829
16 77 1 658
16 78 1 914
16 79 1 797
16 83 1 278
16 84 1 500
16 87 1 889
16 89 1 195
16 90 1 903
17 18 1 587
17 20 1 342
17 21 1 296
17 22 1 559
17 24 1 489
17 25 1 434
17 26 1 882
17 28 1 261
17 29 1 946
17 30 1 570
17 31 1 245
17 32 1 526
17 34 1 441
17 35 1 328
17 41 1 296
17 43 1 259
17 47 1 874
17 49 1 707
17 51 1 821
17 53 1 864
17 55 1 296
17 56 1 539
17 57 1 392
17 58 1 889
17 61 1 539
17 66 1 538
17 67 1 202
17 68 1 743
17 72 1 993
17 73 1 324
17 76 1 796
17 77 1 472
17 79 1 533
17 82 1 105
17 89 1 207
17 90 1 960
18 19 1 776
18 20 1 265
18 22 1 435
18 23 1 434
18 25 1 735
18 26 1 501
18 27 1 295
18 29 1 397
18 30 1 623
18 31 1 780
18 32 1 267
18 33 1 357
18 36 1 639
18 37 1 985
18 39 1 889
18 41 1 629
18 43 1 661
18 45 1 868
18 46 1 248
18 47 1 284
18 49 1 591
18 52 1 364
18 53 1 189
18 55 1 367
18 57 1 261
18 58 1 661
18 59 1 614
18 60 1 206
18 63 1 667
18 67 1 231
18 68 1 989
18 69 1 836
18 70 1 745
18 74 1 167
18 79 1 920
18 80 1 530
18 82 1 878
18 83 1 707
18 84 1 100
18 87 1 320
18 89 1 168
20 21 1 401
20 23 1 117
20 25 1 913
20 26 1 992
20 30 1 731
20 32 1 531
20 34 1 960
20 35 1 630
20 36 1 695
20 39 1 985
20 41 1 800
20 43 1 499
20 44 1 247
20 45 1 523
20 46 1 279
20 48 1 255
20 49 1 810
20 51 1 814
20 54 1 774
20 57 1 130
20 61 1 215
20 62 1 470
20 64 1 100
20 69 1 964
20 70 1 273
20 71 1 891
20 72 1 291
20 75 1 585
20 76 1 429
20 78 1 186
20 79 1 985
20 80 1 141
20 81 1 547
20 82 1 934
20 84 1 982
20 86 1 201
20 87 1 116
20 89 1 933
21 23 1 695
21 24 1 722
21 25 1 820
21 27 1 960
21 34 1 307
21 36 1 464
21 38 1 298
21 39 1 663
21 41 1 734
21 42 1 841
21 43 1 160
21 44 1 729
21 49 1 610
21 50 1 719
21 55 1 463
21 58 1 772
21 59 1 188
21 60 1 543
21 64 1 543
21 67 1 178
21 68 1 565
21 69 1 697
21 75 1 368
21 77 1 447
21 79 1 401
21 81 1 582
21 82 1 303
21 83 1 858
21 84 1 355
21 85 1 798
21 88 1 634
21 89 1 335
22 23 1 227
22 25 1 477
22 27 1 884
22 32 1 268
22 33 1 870
22 38 1 487
22 44 1 347
22 47 1 669
22 48 1 515
22 53 1 515
22 56 1 727
22 60 1 930
22 65 1 782
22 68 1 238
22 69 1 499
22 70 1 518
22 71 1 847
22 75 1 937
22 76 1 631
22 78 1 711
22 79 1 963
22 86 1 632
22 87 1 221
22 89 1 147
25 26 1 360
25 28 1 867
25 31 1 651
25 32 1 637
25 33 1 632
25 35 1 597
25 38 1 985
25 39 1 585
25 43 1 732
25 44 1 623
25 45 1 205
25 46 1 325
25 47 1 809
25 48 1 771
25 49 1 365
25 51 1 995
25 52 1 580
25 53 1 542
25 54 1 363
25 55 1 672
25 58 1 724
25 60 1 503
25 62 1 871
25 65 1 691
25 66 1 999
25 72 1 352
25 74 1 614
25 75 1 990
25 76 1 330
25 77 1 270
25 78 1 881
25 82 1 795
25 83 1 633
25 84 1 870
25 85 1 208
35 36 1 924
35 40 1 344
35 42 1 760
35 44 1 898
35 47 1 416
35 48 1 486
35 49 1 954
35 50 1 188
35 58 1 325
35 60 1 667
35 64 1 632
35 67 1 302
35 70 1 224
35 71 1 469
35 74 1 359
35 75 1 576
35 76 1 982
35 78 1 241
35 79 1 612
35 80 1 263
35 81 1 942
35 84 1 740
35 88 1 367
35 89 1 901
35 90 1 458
38 41 1 630
38 43 1 166
38 46 1 436
38 47 1 345
38 48 1 560
38 49 1 940
38 52 1 912
38 55 1 100
38 59 1 607
38 61 1 113
38 62 1 790
38 63 1 492
38 69 1 175
38 73 1 429
38 74 1 582
38 76 1 471
38 79 1 517
38 81 1 288
38 83 1 869
38 84 1 955
38 85 1 708
38 86 1 690
38 87 1 269
38 88 1 180
39 40 1 133
39 42 1 623
39 43 1 947
39 46 1 923
39 48 1 808
39 50 1 912
39 51 1 397
39 60 1 484
39 63 1 183
39 64 1 689
39 65 1 356
39 68 1 890
39 71 1 734
39 73 1 679
39 76 1 813
39 77 1 367
39 78 1 445
39 81 1 315
39 82 1 244
39 83 1 681
39 85 1 961
39 86 1 502
43 44 1 187
43 46 1 403
43 47 1 905
43 48 1 438
43 49 1 466
43 50 1 789
43 51 1 349
43 53 1 415
43 54 1 806
43 56 1 192
43 59 1 944
43 60 1 412
43 62 1 638
43 63 1 248
43 71 1 267
43 74 1 836
43 76 1 295
43 77 1 757
43 78 1 479
43 83 1 172
43 84 1 616
43 88 1 975
47 48 1 222
47 49 1 847
47 50 1 696
47 51 1 847
47 52 1 148
47 53 1 415
47 54 1 991
47 55 1 480
47 57 1 873
47 58 1 551
47 59 1 116
47 62 1 483
47 64 1 201
47 65 1 824
47 67 1 294
47 69 1 879
47 71 1 679
47 73 1 847
47 76 1 573
47 78 1 791
47 79 1 654
47 80 1 206
47 81 1 123
47 84 1 929
47 87 1 345
47 90 1 206
56 58 1 845
56 59 1 286
56 60 1 318
56 63 1 450
56 64 1 363
56 66 1 823
56 67 1 919
56 68 1 347
56 69 1 865
56 70 1 183
56 71 1 311
56 73 1 404
56 80 1 974
56 81 1 538
56 83 1 289
56 85 1 761
56 89 1 697
63 65 1 932
63 70 1 942
63 72 1 345
63 74 1 741
63 76 1 783
63 79 1 481
63 80 1 625
63 82 1 660
63 85 1 207
63 86 1 640
63 87 1 250
63 90 1 677
68 70 1 943
68 74 1 306
68 76 1 502
68 77 1 864
68 79 1 491
68 80 1 904
68 81 1 168
68 82 1 697
68 83 1 920
68 84 1 253
68 85 1 304
68 86 1 751
68 87 1 337
68 88 1 545
73 75 1 790
73 79 1 149
73 81 1 920
73 82 1 251
73 83 1 633
73 86 1 468
73 87 1 310
77 79 1 994
77 83 1 648
77 86 1 142
77 87 1 492
77 88 1 990
77 89 1 579
77 90 1 905
82 83 1 692
82 85 1 803
82 86 1 813
82 88 1 983
82 89 1 392
83 86 1 791
83 87 1 293
83 88 1 913
84 85 1 826
84 87 1 426
84 90 1 529
87 88 1 384
87 89 1 507
87 90 1 589
3 5 1 741
3 7 1 294
3 8 1 265
3 9 1 456
3 10 1 693
3 13 1 486
3 17 1 604
3 19 1 660
3 20 1 684
3 22 1 445
3 23 1 943
3 24 1 317
3 25 1 310
3 27 1 416
3 28 1 856
3 30 1 469
3 32 1 136
3 35 1 755
3 36 1 289
3 37 1 511
3 38 1 217
3 39 1 486
3 40 1 462
3 41 1 303
3 44 1 444
3 47 1 163
3 52 1 286
3 54 1 793
3 55 1 363
3 56 1 919
3 58 1 823
3 60 1 911
3 61 1 198
3 64 1 312
3 65 1 229
3 66 1 661
3 67 1 316
3 68 1 517
3 70 1 589
3 71 1 571
3 72 1 988
3 77 1 195
3 79 1 276
3 80 1 317
3 89 1 914
8 9 1 924
8 10 1 476
8 11 1 798
8 12 1 982
8 13 1 380
8 16 1 353
8 19 1 435
8 20 1 805
8 22 1 276
8 25 1 807
8 27 1 309
8 30 1 940
8 31 1 966
8 33 1 827
8 34 1 610
8 38 1 458
8 40 1 882
8 41 1 932
8 42 1 416
8 43 1 446
8 44 1 915
8 46 1 373
8 47 1 814
8 49 1 593
8 50 1 428
8 51 1 322
8 52 1 983
8 54 1 672
8 56 1 658
8 58 1 815
8 65 1 252
8 69 1 441
8 70 1 471
8 72 1 283
8 73 1 268
8 75 1 995
8 76 1 954
8 78 1 487
8 80 1 470
8 81 1 784
8 85 1 321
8 86 1 701
8 90 1 703
10 11 1 481
10 13 1 296
10 14 1 478
10 18 1 966
10 21 1 793
10 23 1 646
10 25 1 453
10 28 1 756
10 33 1 752
10 35 1 888
10 36 1 722
10 38 1 716
10 41 1 578
10 43 1 854
10 45 1 119
10 47 1 148
10 48 1 175
10 50 1 965
10 53 1 459
10 55 1 502
10 56 1 711
10 57 1 937
10 59 1 737
10 60 1 767
10 61 1 633
10 62 1 110
10 65 1 694
10 69 1 928
10 70 1 992
10 71 1 347
10 72 1 250
10 74 1 911
10 75 1 913
10 76 1 456
10 78 1 894
10 79 1 417
10 80 1 636
10 82 1 517
10 83 1 435
10 86 1 817
13 15 1 528
13 18 1 570
13 20 1 521
13 21 1 273
13 22 1 363
13 24 1 881
13 27 1 787
13 28 1 199
13 32 1 270
13 33 1 773
13 35 1 596
13 36 1 190
13 37 1 825
13 38 1 657
13 45 1 697
13 50 1 416
13 51 1 883
13 52 1 261
13 53 1 831
13 55 1 877
13 57 1 329
13 58 1 417
13 59 1 908
13 60 1 982
13 62 1 714
13 63 1 100
13 65 1 208
13 66 1 984
13 67 1 503
13 68 1 129
13 69 1 823
13 71 1 688
13 72 1 1000
13 73 1 116
13 75 1 765
13 78 1 487
13 80 1 783
13 85 1 143
13 86 1 869
13 87 1 461
13 90 1 947
19 21 1 167
19 23 1 916
19 24 1 449
19 26 1 505
19 27 1 920
19 28 1 754
19 29 1 298
19 31 1 793
19 35 1 353
19 37 1 942
19 38 1 313
19 39 1 439
19 43 1 716
19 44 1 530
19 47 1 956
19 53 1 690
19 54 1 320
19 61 1 765
19 62 1 141
19 64 1 167
19 66 1 233
19 70 1 906
19 71 1 483
19 76 1 910
19 77 1 231
19 79 1 556
19 80 1 457
19 82 1 400
19 83 1 465
19 85 1 892
19 87 1 678
19 88 1 957
19 89 1 692
19 90 1 376
23 24 1 815
23 26 1 189
23 27 1 281
23 29 1 739
23 31 1 560
23 32 1 866
23 34 1 697
23 35 1 632
23 39 1 435
23 41 1 841
23 42 1 247
23 44 1 916
23 45 1 464
23 46 1 272
23 47 1 746
23 50 1 406
23 51 1 653
23 55 1 864
23 56 1 417
23 57 1 725
23 58 1 594
23 59 1 847
23 60 1 457
23 62 1 893
23 63 1 562
23 64 1 962
23 66 1 448
23 68 1 483
23 69 1 240
23 70 1 562
23 72 1 853
23 73 1 939
23 74 1 259
23 75 1 200
23 77 1 102
23 78 1 649
23 79 1 406
23 80 1 451
23 81 1 505
23 85 1 138
23 87 1 960
23 88 1 673
23 89 1 961
27 28 1 120
27 29 1 862
27 36 1 414
27 41 1 158
27 42 1 293
27 43 1 431
27 44 1 563
27 46 1 190
27 50 1 485
27 52 1 928
27 53 1 895
27 55 1 671
27 59 1 852
27 61 1 154
27 62 1 636
27 63 1 125
27 65 1 574
27 68 1 755
27 69 1 585
27 70 1 499
27 71 1 606
27 72 1 185
27 73 1 735
27 76 1 320
27 78 1 734
27 80 1 989
27 84 1 976
32 33 1 188
32 37 1 815
32 40 1 973
32 41 1 589
32 43 1 371
32 45 1 420
32 49 1 937
32 50 1 444
32 55 1 928
32 63 1 873
32 66 1 407
32 67 1 991
32 69 1 780
32 73 1 590
32 74 1 508
32 75 1 174
32 78 1 702
32 81 1 364
32 82 1 315
32 84 1 282
32 85 1 423
32 89 1 426
32 90 1 411
58 59 1 816
58 61 1 468
58 63 1 788
58 64 1 720
58 66 1 181
58 67 1 100
58 68 1 580
58 69 1 832
58 72 1 479
58 75 1 863
58 76 1 839
58 78 1 598
58 80 1 740
58 81 1 134
58 83 1 225
58 86 1 498
58 87 1 431
58 88 1 353
58 90 1 695
60 61 1 333
60 63 1 439
60 67 1 391
60 68 1 388
60 70 1 767
60 72 1 778
60 76 1 996
60 79 1 987
60 82 1 638
60 86 1 641
60 87 1 881
60 90 1 754
64 65 1 127
64 67 1 433
64 68 1 251
64 69 1 407
64 70 1 503
64 71 1 685
64 76 1 216
64 79 1 857
64 81 1 573
64 89 1 345
66 67 1 518
66 68 1 672
66 69 1 604
66 70 1 685
66 76 1 885
66 77 1 283
66 78 1 948
66 79 1 213
66 81 1 841
66 82 1 276
66 83 1 822
66 84 1 763
66 86 1 239
66 89 1 869
67 69 1 414
67 70 1 666
67 71 1 390
67 72 1 610
67 74 1 920
67 75 1 431
67 77 1 301
67 79 1 334
67 80 1 877
67 86 1 455
67 88 1 829
67 90 1 753
4 8 1 542
4 11 1 750
4 12 1 265
4 14 1 779
4 17 1 290
4 18 1 988
4 19 1 742
4 21 1 802
4 23 1 969
4 26 1 968
4 30 1 337
4 34 1 996
4 35 1 354
4 36 1 258
4 38 1 930
4 40 1 137
4 41 1 321
4 42 1 773
4 43 1 750
4 44 1 160
4 46 1 911
4 54 1 843
4 57 1 707
4 58 1 315
4 59 1 320
4 61 1 842
4 62 1 755
4 63 1 776
4 65 1 448
4 66 1 991
4 67 1 296
4 68 1 392
4 69 1 898
4 73 1 416
4 74 1 501
4 75 1 891
4 77 1 460
4 80 1 892
4 83 1 963
4 84 1 182
4 86 1 225
4 88 1 489
4 90 1 866
42 43 1 619
42 45 1 580
42 46 1 840
42 47 1 698
42 54 1 669
42 56 1 878
42 57 1 128
42 59 1 772
42 63 1 335
42 64 1 918
42 65 1 294
42 72 1 983
42 74 1 414
42 75 1 723
42 76 1 986
42 77 1 269
42 78 1 236
42 80 1 970
42 81 1 466
42 82 1 934
42 83 1 815
42 84 1 624
42 85 1 939
42 86 1 356
42 89 1 561
59 60 1 349
59 65 1 321
59 66 1 155
59 67 1 519
59 68 1 938
59 72 1 258
59 74 1 890
59 75 1 519
59 77 1 592
59 82 1 793
59 83 1 297
59 84 1 863
59 88 1 815
59 89 1 421
59 90 1 865
62 63 1 593
62 64 1 703
62 65 1 931
62 66 1 286
62 67 1 829
62 68 1 133
62 70 1 469
62 71 1 634
62 72 1 495
62 73 1 481
62 74 1 178
62 77 1 910
62 78 1 767
62 81 1 304
62 83 1 620
62 84 1 582
62 85 1 344
62 86 1 416
62 87 1 612
62 88 1 164
29 32 1 483
29 35 1 293
29 37 1 491
29 39 1 451
29 44 1 393
29 48 1 127
29 49 1 146
29 50 1 899
29 52 1 515
29 54 1 698
29 56 1 966
29 59 1 906
29 63 1 557
29 64 1 253
29 66 1 229
29 69 1 896
29 70 1 479
29 71 1 886
29 75 1 872
29 77 1 799
29 78 1 330
29 81 1 980
29 82 1 161
29 83 1 862
29 84 1 687
29 86 1 894
29 87 1 587
29 90 1 180
50 51 1 552
50 52 1 976
50 56 1 680
50 57 1 996
50 58 1 482
50 62 1 581
50 63 1 506
50 71 1 215
50 72 1 454
50 73 1 418
50 75 1 639
50 76 1 982
50 77 1 785
50 78 1 405
50 79 1 911
50 87 1 693
50 89 1 700
50 90 1 569
53 54 1 744
53 55 1 425
53 58 1 495
53 60 1 837
53 68 1 501
53 70 1 454
53 73 1 554
53 74 1 334
53 75 1 524
53 77 1 264
53 80 1 979
53 81 1 105
53 82 1 434
53 83 1 225
53 86 1 372
53 87 1 781
53 88 1 116
53 89 1 388
49 52 1 772
49 56 1 523
49 57 1 688
49 58 1 354
49 62 1 350
49 65 1 728
49 66 1 799
49 67 1 200
49 72 1 165
49 73 1 734
49 74 1 396
49 77 1 784
49 78 1 685
49 80 1 334
49 82 1 846
49 84 1 871
49 85 1 701
49 88 1 323
49 89 1 925
85 90 1 631
