100 4950
1 2 0 318
1 3 0 396
1 5 0 914
1 6 0 688
1 8 0 865
1 12 0 541
1 16 0 983
1 17 0 507
1 19 0 161
1 20 0 988
1 21 0 349
1 25 0 905
1 26 0 640
1 29 0 871
1 31 0 211
1 36 0 493
1 38 0 926
1 39 0 206
1 42 0 180
1 50 0 137
1 51 0 841
1 53 0 497
1 54 0 886
1 56 0 589
1 57 0 925
1 58 0 332
1 59 0 134
1 60 0 518
1 62 0 111
1 63 0 522
1 64 0 948
1 66 0 399
1 68 0 880
1 69 0 662
1 70 0 471
1 73 0 468
1 74 0 306
1 75 0 695
1 76 0 269
1 77 0 196
1 78 0 670
1 80 0 940
1 83 0 457
1 85 0 891
1 91 0 966
1 93 0 155
1 94 0 992
1 96 0 359
1 98 0 800
1 100 0 509
2 3 0 214
2 5 0 871
2 7 0 943
2 10 0 794
2 11 0 402
2 14 0 770
2 16 0 182
2 22 0 982
2 24 0 454
2 26 0 247
2 27 0 223
2 35 0 939
2 37 0 387
2 38 0 709
2 39 0 641
2 40 0 232
2 41 0 928
2 42 0 654
2 47 0 281
2 48 0 909
2 49 0 686
2 50 0 185
2 51 0 748
2 52 0 601
2 53 0 529
2 56 0 548
2 57 0 983
2 59 0 782
2 60 0 969
2 61 0 136
2 65 0 171
2 67 0 860
2 68 0 735
2 69 0 664
2 70 0 781
2 72 0 322
2 73 0 949
2 74 0 975
2 76 0 267
2 81 0 883
2 82 0 815
2 83 0 777
2 84 0 666
2 85 0 998
2 86 0 641
2 87 0 440
2 88 0 563
2 89 0 940
2 92 0 894
2 93 0 277
2 94 0 201
2 95 0 903
2 97 0 229
2 99 0 792
3 5 0 665
3 6 0 126
3 10 0 982
3 11 0 863
3 12 0 504
3 13 0 517
3 14 0 892
3 16 0 923
3 18 0 739
3 20 0 556
3 21 0 269
3 22 0 236
3 25 0 496
3 26 0 581
3 29 0 768
3 30 0 678
3 31 0 448
3 34 0 849
3 37 0 845
3 38 0 216
3 41 0 377
3 42 0 482
3 43 0 629
3 45 0 964
3 46 0 859
3 51 0 527
3 52 0 582
3 54 0 188
3 57 0 444
3 60 0 695
3 61 0 782
3 62 0 252
3 63 0 636
3 64 0 868
3 65 0 737
3 66 0 819
3 69 0 349
3 71 0 284
3 72 0 258
3 76 0 666
3 79 0 673
3 81 0 541
3 83 0 109
3 86 0 896
3 88 0 755
3 89 0 963
3 91 0 206
3 92 0 198
3 95 0 448
3 100 0 1000
5 7 0 357
5 8 0 781
5 9 0 934
5 10 0 706
5 11 0 129
5 13 0 817
5 15 0 750
5 19 0 604
5 20 0 321
5 22 0 262
5 24 0 501
5 26 0 179
5 28 0 920
5 29 0 136
5 30 0 403
5 34 0 510
5 36 0 980
5 37 0 374
5 39 0 779
5 41 0 666
5 43 0 895
5 45 0 864
5 50 0 946
5 53 0 941
5 54 0 173
5 55 0 217
5 58 0 779
5 60 0 151
5 61 0 537
5 62 0 439
5 64 0 970
5 65 0 110
5 66 0 417
5 67 0 653
5 68 0 281
5 70 0 552
5 72 0 137
5 73 0 315
5 76 0 162
5 78 0 237
5 81 0 989
5 82 0 554
5 84 0 578
5 86 0 637
5 87 0 424
5 88 0 130
5 89 0 512
5 90 0 954
5 91 0 895
5 94 0 407
5 95 0 694
5 97 0 524
6 11 0 936
6 14 0 863
6 15 0 938
6 16 0 323
6 18 0 138
6 19 0 738
6 22 0 677
6 24 0 860
6 26 0 495
6 31 0 386
6 32 0 1000
6 34 0 215
6 36 0 203
6 38 0 352
6 39 0 123
6 42 0 181
6 43 0 877
6 48 0 682
6 52 0 197
6 56 0 201
6 58 0 396
6 59 0 962
6 61 0 824
6 62 0 355
6 63 0 646
6 66 0 899
6 69 0 820
6 72 0 337
6 73 0 283
6 74 0 702
6 75 0 804
6 76 0 872
6 77 0 564
6 78 0 615
6 82 0 504
6 87 0 687
6 88 0 744
6 90 0 996
6 92 0 654
6 93 0 372
6 94 0 212
6 99 0 694
8 10 0 429
8 11 0 799
8 12 0 582
8 13 0 398
8 14 0 557
8 15 0 762
8 17 0 923
8 18 0 976
8 19 0 150
8 20 0 949
8 21 0 876
8 25 0 624
8 30 0 139
8 31 0 143
8 34 0 965
8 35 0 997
8 36 0 833
8 37 0 438
8 38 0 856
8 39 0 165
8 40 0 425
8 41 0 811
8 44 0 698
8 45 0 490
8 47 0 203
8 48 0 972
8 51 0 724
8 55 0 538
8 62 0 628
8 63 0 193
8 64 0 738
8 65 0 269
8 67 0 185
8 69 0 352
8 71 0 985
8 73 0 242
8 76 0 718
8 77 0 604
8 78 0 349
8 81 0 775
8 83 0 188
8 84 0 671
8 85 0 799
8 88 0 153
8 89 0 450
8 90 0 521
8 91 0 947
8 92 0 563
8 93 0 400
8 97 0 424
8 98 0 916
8 100 0 366
12 13 0 233
12 15 0 803
12 16 0 967
12 17 0 725
12 21 0 438
12 22 0 719
12 24 0 140
12 26 0 422
12 32 0 142
12 33 0 137
12 34 0 232
12 40 0 795
12 41 0 593
12 45 0 332
12 46 0 654
12 47 0 565
12 48 0 686
12 51 0 796
12 53 0 500
12 55 0 185
12 60 0 626
12 61 0 650
12 62 0 628
12 67 0 609
12 70 0 568
12 74 0 446
12 75 0 535
12 77 0 335
12 78 0 641
12 80 0 182
12 81 0 671
12 82 0 572
12 84 0 959
12 89 0 623
12 94 0 660
12 96 0 616
16 18 0 572
16 20 0 351
16 22 0 801
16 24 0 180
16 28 0 584
16 29 0 783
16 30 0 104
16 31 0 829
16 32 0 113
16 33 0 312
16 35 0 810
16 36 0 569
16 39 0 793
16 45 0 486
16 46 0 463
16 47 0 564
16 50 0 457
16 51 0 153
16 52 0 256
16 53 0 951
16 55 0 458
16 56 0 195
16 57 0 150
16 58 0 150
16 59 0 175
16 61 0 360
16 62 0 879
16 63 0 421
16 64 0 939
16 66 0 692
16 68 0 131
16 70 0 232
16 72 0 681
16 74 0 389
16 75 0 198
16 76 0 542
16 77 0 247
16 79 0 841
16 81 0 417
16 82 0 360
16 84 0 344
16 86 0 291
16 88 0 356
16 91 0 612
16 92 0 1000
16 95 0 858
16 100 0 280
17 23 0 756
17 24 0 880
17 25 0 764
17 26 0 752
17 28 0 145
17 32 0 536
17 33 0 546
17 34 0 469
17 35 0 819
17 36 0 208
17 38 0 805
17 40 0 657
17 41 0 916
17 45 0 382
17 47 0 605
17 49 0 822
17 51 0 431
17 52 0 283
17 53 0 285
17 55 0 345
17 60 0 378
17 62 0 808
17 63 0 711
17 64 0 368
17 66 0 161
17 68 0 191
17 69 0 522
17 70 0 644
17 71 0 130
17 72 0 360
17 73 0 189
17 77 0 826
17 78 0 801
17 79 0 510
17 80 0 665
17 81 0 994
17 83 0 519
17 86 0 543
17 87 0 877
17 89 0 917
17 90 0 825
17 97 0 937
17 98 0 742
17 100 0 867
19 21 0 413
19 23 0 470
19 25 0 666
19 26 0 904
19 27 0 525
19 28 0 449
19 29 0 401
19 30 0 878
19 31 0 993
19 32 0 394
19 34 0 886
19 36 0 629
19 40 0 819
19 44 0 996
19 45 0 870
19 46 0 893
19 47 0 215
19 50 0 139
19 52 0 583
19 54 0 921
19 55 0 416
19 57 0 693
19 59 0 486
19 60 0 400
19 61 0 168
19 64 0 519
19 65 0 187
19 66 0 199
19 69 0 869
19 70 0 897
19 74 0 554
19 75 0 792
19 76 0 445
19 77 0 854
19 78 0 320
19 82 0 935
19 86 0 725
19 88 0 533
19 89 0 135
19 93 0 669
19 95 0 456
19 96 0 833
19 97 0 291
19 98 0 763
19 99 0 655
20 21 0 866
20 23 0 514
20 24 0 364
20 25 0 402
20 26 0 351
20 28 0 536
20 29 0 674
20 34 0 801
20 35 0 897
20 36 0 652
20 38 0 169
20 41 0 293
20 45 0 341
20 47 0 311
20 48 0 961
20 50 0 521
20 51 0 731
20 56 0 356
20 59 0 847
20 60 0 793
20 61 0 875
20 63 0 566
20 68 0 513
20 70 0 385
20 72 0 935
20 73 0 946
20 74 0 247
20 78 0 160
20 79 0 549
20 80 0 930
20 81 0 699
20 87 0 494
20 89 0 531
20 90 0 310
20 92 0 822
20 96 0 587
20 97 0 327
20 98 0 959
20 99 0 946
21 22 0 938
21 23 0 357
21 24 0 352
21 25 0 353
21 30 0 288
21 33 0 720
21 34 0 290
21 35 0 560
21 37 0 631
21 42 0 317
21 44 0 931
21 45 0 891
21 47 0 184
21 48 0 500
21 49 0 335
21 50 0 465
21 54 0 712
21 57 0 135
21 58 0 665
21 59 0 571
21 61 0 703
21 62 0 103
21 64 0 117
21 66 0 665
21 72 0 945
21 74 0 289
21 76 0 379
21 77 0 566
21 78 0 464
21 80 0 935
21 81 0 546
21 84 0 624
21 90 0 682
21 93 0 497
21 94 0 217
21 95 0 574
21 98 0 281
21 100 0 488
25 26 0 802
25 27 0 574
25 28 0 353
25 32 0 187
25 33 0 669
25 35 0 877
25 37 0 173
25 41 0 441
25 42 0 587
25 45 0 810
25 50 0 413
25 51 0 799
25 52 0 986
25 53 0 109
25 55 0 993
25 56 0 603
25 57 0 453
25 62 0 684
25 64 0 280
25 68 0 813
25 69 0 934
25 70 0 946
25 72 0 728
25 74 0 300
25 75 0 792
25 76 0 694
25 77 0 634
25 78 0 575
25 80 0 800
25 83 0 167
25 84 0 838
25 89 0 483
25 91 0 426
25 92 0 329
25 93 0 263
25 95 0 695
25 96 0 377
25 98 0 519
25 99 0 906
26 28 0 732
26 29 0 991
26 30 0 901
26 31 0 902
26 32 0 884
26 34 0 530
26 35 0 368
26 43 0 665
26 46 0 748
26 49 0 836
26 50 0 545
26 54 0 284
26 55 0 708
26 59 0 815
26 65 0 244
26 71 0 394
26 74 0 123
26 75 0 978
26 76 0 232
26 78 0 123
26 79 0 238
26 80 0 218
26 81 0 230
26 82 0 986
26 83 0 631
26 84 0 233
26 85 0 467
26 90 0 796
26 92 0 731
26 95 0 909
26 97 0 291
26 98 0 940
26 100 0 175
29 30 0 764
29 31 0 135
29 32 0 158
29 33 0 529
29 34 0 919
29 35 0 454
29 36 0 278
29 37 0 993
29 44 0 907
29 45 0 542
29 46 0 823
29 48 0 964
29 54 0 845
29 55 0 537
29 56 0 336
29 57 0 575
29 62 0 394
29 65 0 591
29 67 0 920
29 68 0 594
29 69 0 119
29 71 0 330
29 72 0 798
29 73 0 124
29 74 0 991
29 77 0 774
29 78 0 128
29 81 0 533
29 83 0 929
29 88 0 379
29 91 0 346
29 92 0 241
29 93 0 305
29 95 0 509
29 98 0 490
31 33 0 312
31 34 0 660
31 35 0 470
31 36 0 768
31 38 0 783
31 40 0 987
31 41 0 665
31 49 0 418
31 50 0 987
31 51 0 182
31 53 0 848
31 54 0 929
31 57 0 798
31 59 0 463
31 60 0 249
31 62 0 885
31 65 0 645
31 66 0 303
31 67 0 769
31 68 0 462
31 70 0 276
31 71 0 230
31 72 0 523
31 75 0 533
31 76 0 348
31 77 0 319
31 78 0 479
31 80 0 962
31 83 0 265
31 84 0 459
31 85 0 698
31 86 0 767
31 92 0 826
31 94 0 359
31 98 0 755
36 40 0 338
36 41 0 996
36 43 0 477
36 45 0 416
36 47 0 180
36 58 0 372
36 59 0 481
36 60 0 756
36 64 0 933
36 66 0 941
36 67 0 475
36 68 0 817
36 70 0 510
36 76 0 284
36 77 0 277
36 78 0 912
36 80 0 154
36 81 0 830
36 83 0 857
36 86 0 283
36 91 0 288
36 92 0 162
36 93 0 989
36 95 0 382
36 96 0 886
38 39 0 821
38 40 0 854
38 44 0 733
38 47 0 105
38 48 0 382
38 49 0 824
38 53 0 704
38 54 0 860
38 55 0 285
38 58 0 630
38 59 0 459
38 60 0 316
38 62 0 550
38 65 0 706
38 66 0 882
38 68 0 119
38 69 0 502
38 70 0 535
38 71 0 800
38 75 0 972
38 76 0 551
38 78 0 135
38 82 0 270
38 83 0 916
38 84 0 374
38 89 0 100
38 91 0 676
38 92 0 817
38 93 0 977
38 94 0 624
38 96 0 527
38 97 0 643
38 99 0 852
38 100 0 959
39 41 0 868
39 43 0 821
39 44 0 705
39 45 0 282
39 46 0 907
39 48 0 442
39 50 0 148
39 51 0 794
39 52 0 180
39 53 0 426
39 55 0 904
39 58 0 226
39 61 0 349
39 63 0 609
39 68 0 879
39 71 0 949
39 74 0 615
39 78 0 572
39 81 0 514
39 82 0 689
39 83 0 523
39 86 0 181
39 87 0 432
39 88 0 701
39 90 0 379
39 91 0 994
39 93 0 528
39 94 0 176
39 96 0 641
39 97 0 296
39 99 0 800
39 100 0 288
42 44 0 500
42 45 0 736
42 46 0 660
42 52 0 853
42 55 0 218
42 57 0 705
42 58 0 851
42 59 0 579
42 60 0 850
42 62 0 910
42 65 0 288
42 67 0 539
42 70 0 153
42 77 0 932
42 80 0 726
42 81 0 327
42 82 0 914
42 83 0 352
42 85 0 954
42 86 0 375
42 87 0 233
42 88 0 627
42 89 0 616
42 90 0 707
42 91 0 308
42 92 0 724
42 93 0 736
42 96 0 773
42 98 0 864
50 51 0 149
50 52 0 899
50 54 0 890
50 55 0 132
50 56 0 425
50 58 0 495
50 59 0 164
50 60 0 917
50 61 0 187
50 62 0 892
50 63 0 480
50 64 0 246
50 66 0 787
50 70 0 473
50 71 0 378
50 73 0 759
50 75 0 320
50 76 0 305
50 79 0 282
50 80 0 303
50 82 0 638
50 87 0 470
50 88 0 316
50 89 0 599
50 90 0 424
50 91 0 244
50 92 0 538
50 93 0 855
50 96 0 422
50 97 0 768
50 99 0 341
50 100 0 309
51 56 0 501
51 57 0 315
51 59 0 531
51 60 0 781
51 61 0 622
51 63 0 442
51 64 0 134
51 65 0 657
51 67 0 740
51 68 0 742
51 69 0 876
51 70 0 749
51 71 0 585
51 73 0 162
51 77 0 228
51 80 0 570
51 85 0 156
51 87 0 288
51 90 0 132
51 93 0 653
51 94 0 651
51 95 0 270
51 98 0 189
53 54 0 679
53 56 0 702
53 57 0 182
53 59 0 196
53 69 0 713
53 71 0 108
53 73 0 755
53 74 0 653
53 76 0 764
53 80 0 818
53 81 0 728
53 83 0 815
53 85 0 561
53 86 0 818
53 87 0 197
53 89 0 169
53 93 0 345
53 95 0 927
53 96 0 479
53 97 0 275
53 99 0 857
53 100 0 500
54 55 0 872
54 56 0 162
54 57 0 528
54 58 0 562
54 61 0 633
54 63 0 709
54 64 0 207
54 65 0 862
54 66 0 836
54 67 0 139
54 70 0 581
54 72 0 928
54 73 0 769
54 75 0 383
54 81 0 416
54 86 0 987
54 89 0 184
54 91 0 388
54 94 0 847
54 99 0 843
56 58 0 331
56 62 0 961
56 65 0 459
56 66 0 621
56 67 0 290
56 68 0 525
56 69 0 822
56 71 0 828
56 73 0 691
56 77 0 322
56 79 0 409
56 80 0 650
56 82 0 123
56 84 0 462
56 85 0 875
56 86 0 979
56 87 0 760
56 89 0 774
56 90 0 940
56 91 0 924
56 92 0 944
56 94 0 753
56 97 0 872
56 98 0 965
56 100 0 220
57 58 0 379
57 61 0 768
57 62 0 202
57 63 0 634
57 66 0 658
57 68 0 757
57 71 0 380
57 72 0 891
57 73 0 501
57 75 0 576
57 76 0 306
57 78 0 752
57 79 0 429
57 86 0 124
57 88 0 466
57 90 0 531
57 91 0 947
57 93 0 769
57 96 0 166
57 99 0 854
58 59 0 639
58 62 0 415
58 63 0 541
58 64 0 141
58 68 0 986
58 70 0 269
58 73 0 942
58 76 0 273
58 78 0 237
58 79 0 658
58 80 0 267
58 83 0 718
58 84 0 639
58 88 0 117
58 89 0 356
58 90 0 468
58 91 0 634
58 92 0 600
58 94 0 207
58 95 0 528
58 97 0 803
58 100 0 289
59 68 0 988
59 71 0 653
59 73 0 486
59 74 0 994
59 75 0 826
59 77 0 339
59 79 0 637
59 81 0 697
59 86 0 876
59 88 0 664
59 89 0 464
59 92 0 642
59 93 0 175
59 94 0 933
59 97 0 869
59 100 0 626
60 61 0 546
60 62 0 270
60 63 0 761
60 64 0 582
60 65 0 888
60 67 0 979
60 74 0 631
60 75 0 117
60 76 0 608
60 78 0 873
60 79 0 254
60 80 0 946
60 81 0 380
60 82 0 425
60 86 0 197
60 88 0 854
60 89 0 525
60 90 0 977
60 92 0 619
60 100 0 490
62 64 0 901
62 65 0 305
62 68 0 163
62 69 0 567
62 70 0 796
62 71 0 718
62 72 0 719
62 73 0 964
62 74 0 681
62 76 0 713
62 77 0 493
62 80 0 500
62 81 0 153
62 82 0 550
62 83 0 720
62 84 0 948
62 86 0 603
62 87 0 694
62 89 0 591
62 91 0 637
62 92 0 875
62 93 0 812
62 94 0 785
62 95 0 280
62 97 0 368
62 99 0 134
62 100 0 349
63 64 0 740
63 68 0 629
63 70 0 979
63 71 0 447
63 73 0 154
63 74 0 294
63 75 0 443
63 77 0 166
63 81 0 254
63 82 0 332
63 83 0 678
63 88 0 251
63 89 0 359
63 91 0 669
63 92 0 285
63 94 0 470
63 95 0 814
63 97 0 783
63 98 0 250
63 100 0 918
64 66 0 381
64 69 0 155
64 71 0 723
64 72 0 215
64 73 0 684
64 75 0 969
64 76 0 806
64 79 0 915
64 80 0 487
64 81 0 638
64 82 0 872
64 84 0 768
64 85 0 415
64 86 0 640
64 87 0 428
64 88 0 603
64 90 0 350
64 94 0 643
64 96 0 719
64 97 0 791
64 99 0 234
64 100 0 300
66 68 0 857
66 73 0 451
66 74 0 547
66 77 0 217
66 78 0 414
66 79 0 906
66 83 0 260
66 86 0 426
66 93 0 252
66 94 0 317
66 97 0 961
66 98 0 530
68 71 0 527
68 72 0 328
68 73 0 731
68 74 0 416
68 75 0 764
68 76 0 750
68 78 0 837
68 79 0 156
68 82 0 894
68 83 0 806
68 88 0 851
68 89 0 722
68 90 0 698
68 94 0 919
68 98 0 104
68 100 0 705
69 70 0 991
69 75 0 762
69 77 0 576
69 78 0 400
69 79 0 849
69 80 0 506
69 83 0 586
69 85 0 685
69 87 0 956
69 88 0 381
69 89 0 436
69 92 0 978
69 93 0 125
69 94 0 811
69 96 0 580
70 75 0 388
70 76 0 824
70 78 0 274
70 80 0 580
70 82 0 762
70 85 0 730
70 87 0 246
70 88 0 713
73 75 0 639
73 76 0 665
73 77 0 163
73 78 0 945
73 80 0 650
73 81 0 741
73 83 0 218
73 87 0 906
73 88 0 872
73 89 0 371
73 90 0 858
73 91 0 770
73 93 0 635
73 94 0 731
73 97 0 601
73 100 0 286
74 78 0 604
74 79 0 974
74 81 0 483
74 83 0 259
74 84 0 278
74 85 0 156
74 86 0 979
74 89 0 793
74 90 0 103
74 91 0 601
74 92 0 825
74 93 0 832
74 94 0 175
74 95 0 756
74 96 0 369
74 100 0 513
75 76 0 544
75 78 0 414
75 85 0 171
75 86 0 395
75 87 0 450
75 93 0 226
75 94 0 847
75 95 0 168
75 99 0 715
75 100 0 148
76 77 0 708
76 79 0 232
76 80 0 492
76 81 0 898
76 83 0 140
76 84 0 774
76 85 0 743
76 88 0 921
76 94 0 114
77 82 0 160
77 85 0 166
77 87 0 477
77 90 0 392
77 91 0 722
77 100 0 390
78 81 0 349
78 83 0 488
78 86 0 693
78 87 0 470
78 90 0 330
78 95 0 697
78 96 0 994
78 97 0 638
78 99 0 287
80 82 0 572
80 83 0 857
80 85 0 780
80 86 0 535
80 89 0 427
80 90 0 824
80 91 0 627
80 95 0 689
80 96 0 282
80 98 0 228
80 99 0 410
83 84 0 188
83 86 0 731
83 88 0 205
83 90 0 177
83 91 0 868
83 92 0 408
83 93 0 191
83 94 0 797
83 95 0 628
83 96 0 204
83 97 0 178
83 98 0 773
83 99 0 822
83 100 0 203
85 86 0 1000
85 89 0 258
85 93 0 473
85 95 0 703
85 96 0 247
85 97 0 833
85 98 0 727
85 99 0 352
85 100 0 699
91 92 0 253
91 95 0 983
91 98 0 665
93 94 0 577
93 96 0 738
93 99 0 999
94 96 0 911
94 97 0 390
94 100 0 921
96 99 0 806
98 99 0 287
7 9 0 529
7 11 0 743
7 12 0 571
7 13 0 123
7 14 0 493
7 16 0 412
7 17 0 660
7 18 0 390
7 19 0 449
7 21 0 540
7 23 0 719
7 24 0 484
7 25 0 300
7 26 0 289
7 27 0 457
7 28 0 306
7 29 0 873
7 30 0 782
7 32 0 306
7 34 0 589
7 37 0 695
7 40 0 828
7 42 0 562
7 44 0 920
7 45 0 546
7 47 0 433
7 48 0 246
7 50 0 489
7 52 0 247
7 59 0 212
7 60 0 752
7 61 0 939
7 62 0 670
7 63 0 757
7 65 0 961
7 66 0 328
7 68 0 979
7 70 0 899
7 74 0 280
7 76 0 412
7 79 0 877
7 80 0 874
7 81 0 464
7 83 0 240
7 85 0 677
7 86 0 972
7 87 0 968
7 89 0 257
7 90 0 353
7 92 0 546
7 94 0 216
7 95 0 315
7 97 0 576
7 98 0 586
7 99 0 627
7 100 0 198
10 11 0 766
10 14 0 372
10 15 0 360
10 16 0 551
10 19 0 958
10 21 0 232
10 25 0 566
10 28 0 107
10 29 0 381
10 30 0 591
10 36 0 618
10 38 0 858
10 40 0 972
10 41 0 170
10 43 0 667
10 48 0 648
10 51 0 789
10 53 0 416
10 54 0 168
10 55 0 394
10 56 0 573
10 59 0 488
10 62 0 760
10 64 0 357
10 66 0 745
10 67 0 121
10 69 0 673
10 70 0 611
10 71 0 763
10 75 0 816
10 81 0 890
10 82 0 737
10 83 0 784
10 86 0 388
10 87 0 772
10 89 0 661
10 90 0 309
10 92 0 809
10 93 0 856
10 94 0 277
10 95 0 901
10 96 0 304
10 98 0 434
10 99 0 558
11 13 0 838
11 20 0 588
11 22 0 244
11 26 0 329
11 27 0 119
11 29 0 975
11 30 0 903
11 31 0 351
11 33 0 500
11 37 0 291
11 38 0 884
11 39 0 534
11 42 0 102
11 43 0 324
11 45 0 844
11 49 0 871
11 51 0 643
11 54 0 190
11 55 0 826
11 56 0 154
11 59 0 211
11 60 0 354
11 61 0 709
11 63 0 172
11 67 0 694
11 69 0 642
11 70 0 910
11 71 0 366
11 72 0 555
11 73 0 672
11 74 0 205
11 75 0 500
11 76 0 525
11 78 0 244
11 80 0 776
11 82 0 787
11 83 0 857
11 84 0 664
11 92 0 371
11 93 0 897
11 96 0 629
11 98 0 734
11 99 0 148
14 17 0 184
14 19 0 441
14 21 0 236
14 22 0 523
14 26 0 922
14 27 0 687
14 30 0 825
14 33 0 651
14 36 0 427
14 40 0 215
14 44 0 870
14 46 0 500
14 48 0 722
14 49 0 932
14 53 0 484
14 55 0 966
14 56 0 261
14 59 0 879
14 62 0 520
14 63 0 681
14 64 0 778
14 67 0 951
14 68 0 877
14 71 0 279
14 72 0 674
14 78 0 948
14 81 0 811
14 85 0 443
14 88 0 961
14 92 0 753
14 94 0 252
14 95 0 811
14 97 0 170
14 99 0 928
22 23 0 649
22 24 0 572
22 26 0 445
22 32 0 263
22 33 0 273
22 34 0 849
22 36 0 568
22 37 0 998
22 44 0 751
22 48 0 456
22 52 0 553
22 55 0 975
22 56 0 260
22 57 0 848
22 58 0 916
22 59 0 521
22 60 0 524
22 61 0 638
22 62 0 301
22 63 0 846
22 66 0 649
22 69 0 928
22 73 0 913
22 75 0 985
22 81 0 1000
22 82 0 914
22 83 0 633
22 84 0 974
22 85 0 505
22 86 0 841
22 87 0 296
22 88 0 400
22 89 0 525
22 91 0 767
22 92 0 294
22 94 0 774
22 96 0 578
22 98 0 857
22 100 0 446
24 29 0 579
24 30 0 131
24 34 0 441
24 36 0 588
24 40 0 822
24 42 0 218
24 43 0 616
24 44 0 116
24 45 0 237
24 51 0 885
24 52 0 549
24 60 0 440
24 61 0 753
24 62 0 595
24 63 0 831
24 69 0 220
24 71 0 249
24 72 0 610
24 73 0 541
24 74 0 922
24 78 0 828
24 80 0 499
24 82 0 558
24 85 0 174
24 86 0 237
24 88 0 784
24 89 0 685
24 92 0 244
24 93 0 155
24 94 0 593
24 95 0 724
24 96 0 971
24 97 0 860
24 99 0 290
27 30 0 731
27 32 0 101
27 35 0 722
27 36 0 903
27 39 0 927
27 40 0 415
27 41 0 473
27 43 0 550
27 44 0 923
27 45 0 687
27 46 0 324
27 47 0 959
27 49 0 616
27 51 0 557
27 52 0 533
27 54 0 807
27 55 0 309
27 56 0 273
27 57 0 295
27 58 0 758
27 59 0 508
27 61 0 124
27 62 0 311
27 63 0 384
27 64 0 225
27 69 0 328
27 75 0 168
27 76 0 343
27 78 0 616
27 79 0 660
27 81 0 149
27 82 0 733
27 84 0 394
27 87 0 792
27 89 0 587
27 90 0 495
27 91 0 729
27 93 0 481
27 94 0 385
27 98 0 958
27 99 0 377
27 100 0 748
35 37 0 463
35 40 0 206
35 42 0 486
35 43 0 135
35 44 0 150
35 46 0 513
35 47 0 199
35 48 0 712
35 49 0 585
35 53 0 195
35 55 0 334
35 57 0 705
35 59 0 104
35 60 0 340
35 61 0 782
35 63 0 636
35 65 0 133
35 67 0 709
35 68 0 195
35 69 0 621
35 70 0 860
35 71 0 169
35 72 0 292
35 79 0 798
35 80 0 954
35 84 0 888
35 87 0 966
35 89 0 100
35 94 0 364
35 95 0 569
35 99 0 846
35 100 0 397
37 39 0 836
37 40 0 422
37 41 0 409
37 42 0 848
37 43 0 804
37 47 0 362
37 49 0 927
37 51 0 126
37 54 0 650
37 56 0 998
37 60 0 542
37 62 0 545
37 64 0 995
37 69 0 964
37 70 0 353
37 72 0 736
37 76 0 445
37 77 0 701
37 78 0 278
37 80 0 890
37 81 0 907
37 82 0 556
37 83 0 113
37 85 0 667
37 86 0 114
37 89 0 618
37 90 0 419
37 95 0 164
37 96 0 437
37 97 0 472
37 98 0 952
37 100 0 535
40 44 0 612
40 46 0 827
40 47 0 668
40 48 0 341
40 50 0 414
40 54 0 440
40 55 0 753
40 57 0 549
40 58 0 958
40 62 0 321
40 63 0 411
40 67 0 335
40 68 0 456
40 69 0 579
40 70 0 382
40 72 0 566
40 75 0 999
40 77 0 371
40 78 0 175
40 79 0 185
40 81 0 827
40 82 0 548
40 83 0 294
40 89 0 239
40 90 0 827
40 93 0 877
40 94 0 388
40 95 0 817
40 96 0 221
40 99 0 181
40 100 0 857
41 42 0 340
41 43 0 948
41 44 0 873
41 47 0 210
41 48 0 270
41 50 0 465
41 53 0 536
41 54 0 810
41 56 0 657
41 60 0 176
41 61 0 673
41 62 0 945
41 63 0 704
41 64 0 811
41 66 0 721
41 67 0 532
41 69 0 536
41 70 0 126
41 72 0 176
41 73 0 845
41 75 0 593
41 76 0 251
41 77 0 850
41 79 0 657
41 82 0 498
41 83 0 347
41 84 0 146
41 92 0 651
41 93 0 440
41 94 0 476
41 98 0 870
47 49 0 607
47 55 0 763
47 62 0 660
47 63 0 943
47 67 0 367
47 72 0 572
47 74 0 180
47 77 0 521
47 78 0 212
47 80 0 779
47 81 0 275
47 83 0 704
47 90 0 862
47 93 0 913
47 94 0 389
47 96 0 866
47 99 0 129
47 100 0 381
48 49 0 118
48 50 0 791
48 51 0 594
48 52 0 239
48 53 0 484
48 55 0 600
48 60 0 155
48 61 0 816
48 62 0 828
48 63 0 949
48 65 0 139
48 69 0 269
48 70 0 736
48 74 0 935
48 78 0 841
48 80 0 968
48 82 0 580
48 83 0 377
48 84 0 410
48 85 0 216
48 87 0 224
48 88 0 238
48 90 0 402
48 91 0 236
48 92 0 941
48 93 0 526
48 95 0 799
48 96 0 396
48 97 0 533
48 100 0 520
49 50 0 191
49 54 0 795
49 55 0 705
49 57 0 904
49 58 0 242
49 59 0 646
49 60 0 338
49 61 0 793
49 64 0 711
49 65 0 358
49 66 0 794
49 68 0 470
49 69 0 667
49 70 0 571
49 71 0 340
49 72 0 946
49 74 0 451
49 77 0 139
49 78 0 631
49 81 0 901
49 82 0 982
49 83 0 746
49 84 0 207
49 85 0 206
49 86 0 380
49 87 0 131
49 88 0 449
49 90 0 499
49 91 0 413
49 92 0 124
49 93 0 190
49 95 0 220
49 96 0 907
49 100 0 208
52 53 0 463
52 54 0 525
52 55 0 308
52 56 0 740
52 57 0 610
52 59 0 462
52 60 0 595
52 62 0 525
52 63 0 606
52 64 0 712
52 65 0 663
52 66 0 953
52 68 0 496
52 69 0 542
52 70 0 873
52 72 0 191
52 79 0 969
52 83 0 276
52 88 0 311
52 91 0 505
52 94 0 922
52 95 0 976
52 97 0 253
52 100 0 157
61 63 0 593
61 64 0 171
61 65 0 281
61 66 0 978
61 68 0 742
61 71 0 685
61 72 0 710
61 79 0 359
61 80 0 277
61 81 0 847
61 83 0 956
61 84 0 760
61 85 0 902
61 86 0 659
61 88 0 634
61 89 0 322
61 90 0 779
61 93 0 216
61 95 0 532
61 96 0 528
61 97 0 782
61 98 0 349
65 66 0 458
65 69 0 232
65 71 0 963
65 73 0 502
65 74 0 832
65 75 0 463
65 76 0 166
65 78 0 304
65 80 0 653
65 82 0 763
65 83 0 208
65 84 0 132
65 91 0 207
65 92 0 947
65 93 0 214
65 94 0 101
65 98 0 605
65 100 0 428
67 68 0 214
67 73 0 154
67 76 0 299
67 78 0 905
67 85 0 699
67 86 0 630
67 88 0 539
67 90 0 790
67 91 0 159
67 94 0 742
67 96 0 164
67 97 0 522
67 99 0 585
72 74 0 745
72 78 0 698
72 79 0 675
72 80 0 687
72 81 0 379
72 82 0 491
72 85 0 665
72 86 0 827
72 90 0 548
72 92 0 121
72 93 0 897
72 94 0 789
72 100 0 466
81 82 0 275
81 83 0 554
81 84 0 842
81 86 0 176
81 87 0 726
81 89 0 815
81 90 0 700
81 93 0 455
81 94 0 992
81 95 0 646
81 98 0 530
81 100 0 983
82 83 0 824
82 85 0 407
82 86 0 144
82 87 0 281
82 90 0 133
82 92 0 841
82 100 0 327
84 85 0 864
84 86 0 879
84 87 0 883
84 92 0 518
84 93 0 319
84 94 0 836
84 96 0 933
86 89 0 155
86 90 0 125
86 91 0 552
86 92 0 231
86 95 0 528
86 96 0 758
86 98 0 655
87 89 0 882
87 90 0 860
87 94 0 959
87 95 0 621
87 98 0 930
87 99 0 867
88 89 0 378
88 91 0 937
88 93 0 729
88 99 0 812
88 100 0 985
89 93 0 807
89 94 0 685
89 95 0 277
89 96 0 567
89 98 0 752
92 99 0 233
95 96 0 408
95 99 0 714
95 100 0 873
97 98 0 722
97 99 0 580
97 100 0 640
13 17 0 256
13 18 0 780
13 19 0 749
13 20 0 559
13 22 0 967
13 23 0 666
13 24 0 991
13 25 0 152
13 26 0 503
13 27 0 659
13 28 0 619
13 31 0 652
13 33 0 342
13 36 0 934
13 37 0 411
13 38 0 700
13 40 0 513
13 41 0 909
13 45 0 962
13 46 0 288
13 47 0 594
13 52 0 331
13 53 0 651
13 55 0 794
13 59 0 848
13 60 0 944
13 61 0 648
13 63 0 208
13 65 0 615
13 69 0 580
13 70 0 366
13 73 0 160
13 74 0 358
13 76 0 156
13 80 0 543
13 83 0 637
13 84 0 251
13 87 0 525
13 91 0 693
13 93 0 696
13 94 0 750
13 99 0 439
13 100 0 842
18 19 0 782
18 24 0 742
18 26 0 646
18 28 0 122
18 32 0 985
18 33 0 408
18 36 0 132
18 37 0 883
18 41 0 571
18 42 0 822
18 43 0 284
18 44 0 966
18 45 0 153
18 47 0 738
18 48 0 520
18 51 0 859
18 52 0 355
18 53 0 643
18 54 0 788
18 55 0 167
18 56 0 751
18 57 0 373
18 59 0 254
18 61 0 785
18 62 0 449
18 64 0 486
18 65 0 110
18 66 0 291
18 67 0 254
18 69 0 291
18 75 0 715
18 77 0 491
18 79 0 647
18 80 0 252
18 82 0 132
18 85 0 792
18 86 0 232
18 87 0 918
18 88 0 930
18 89 0 812
18 90 0 178
18 91 0 608
18 96 0 563
18 97 0 269
18 99 0 227
30 31 0 509
30 34 0 944
30 36 0 439
30 37 0 946
30 39 0 661
30 41 0 141
30 43 0 444
30 46 0 846
30 47 0 741
30 50 0 551
30 55 0 351
30 56 0 528
30 57 0 548
30 60 0 826
30 66 0 999
30 67 0 597
30 71 0 771
30 72 0 281
30 73 0 485
30 75 0 203
30 76 0 574
30 80 0 932
30 82 0 330
30 83 0 294
30 85 0 774
30 86 0 171
30 87 0 775
30 89 0 207
30 92 0 840
30 93 0 374
30 96 0 795
30 97 0 575
30 98 0 987
30 99 0 419
34 35 0 388
34 36 0 822
34 39 0 850
34 40 0 719
34 41 0 458
34 42 0 768
34 45 0 739
34 50 0 344
34 54 0 518
34 58 0 440
34 60 0 889
34 62 0 424
34 66 0 778
34 67 0 483
34 69 0 917
34 70 0 697
34 71 0 959
34 73 0 697
34 75 0 461
34 76 0 473
34 77 0 821
34 81 0 590
34 84 0 897
34 86 0 686
34 87 0 997
34 90 0 712
34 92 0 646
34 93 0 461
34 99 0 875
34 100 0 349
43 47 0 314
43 49 0 196
43 51 0 262
43 52 0 118
43 56 0 806
43 60 0 248
43 61 0 740
43 62 0 322
43 63 0 178
43 64 0 255
43 65 0 144
43 68 0 722
43 71 0 585
43 73 0 225
43 75 0 620
43 76 0 727
43 78 0 108
43 79 0 611
43 82 0 803
43 85 0 823
43 87 0 133
43 88 0 607
43 93 0 460
43 98 0 863
43 99 0 846
45 46 0 396
45 47 0 339
45 49 0 919
45 52 0 847
45 57 0 282
45 58 0 768
45 59 0 533
45 63 0 452
45 64 0 498
45 65 0 278
45 66 0 978
45 67 0 134
45 72 0 542
45 73 0 957
45 74 0 394
45 75 0 213
45 76 0 996
45 77 0 621
45 78 0 721
45 80 0 963
45 81 0 355
45 83 0 791
45 88 0 283
45 90 0 293
45 92 0 924
45 93 0 522
45 94 0 765
45 95 0 681
45 97 0 320
45 98 0 788
46 51 0 457
46 53 0 369
46 54 0 874
46 58 0 995
46 63 0 906
46 64 0 516
46 66 0 636
46 67 0 766
46 71 0 320
46 72 0 507
46 74 0 313
46 75 0 623
46 76 0 373
46 77 0 233
46 78 0 703
46 81 0 511
46 84 0 541
46 88 0 905
46 90 0 223
46 94 0 677
46 97 0 814
46 99 0 682
71 72 0 807
71 73 0 812
71 80 0 236
71 82 0 203
71 86 0 544
71 90 0 814
71 92 0 336
71 93 0 461
71 96 0 372
71 97 0 233
79 81 0 273
79 82 0 681
79 84 0 276
79 85 0 567
79 86 0 786
79 88 0 831
79 91 0 968
79 92 0 482
79 94 0 966
79 96 0 975
79 99 0 357
4 6 0 319
4 8 0 313
4 11 0 392
4 12 0 312
4 13 0 156
4 14 0 807
4 15 0 948
4 17 0 945
4 18 0 697
4 19 0 520
4 22 0 570
4 24 0 204
4 25 0 347
4 28 0 941
4 33 0 296
4 34 0 490
4 36 0 431
4 39 0 226
4 40 0 579
4 44 0 235
4 45 0 145
4 47 0 404
4 51 0 436
4 52 0 517
4 53 0 247
4 54 0 983
4 58 0 124
4 59 0 394
4 60 0 612
4 61 0 519
4 62 0 292
4 63 0 523
4 64 0 832
4 68 0 697
4 70 0 479
4 74 0 963
4 75 0 865
4 76 0 748
4 81 0 907
4 82 0 595
4 84 0 377
4 85 0 991
4 86 0 337
4 87 0 225
4 88 0 177
4 92 0 871
4 93 0 531
4 94 0 174
4 95 0 334
4 96 0 869
15 23 0 233
15 24 0 575
15 27 0 897
15 29 0 806
15 30 0 688
15 31 0 132
15 32 0 181
15 33 0 991
15 34 0 762
15 35 0 521
15 36 0 686
15 39 0 670
15 40 0 755
15 41 0 456
15 49 0 612
15 50 0 844
15 52 0 189
15 53 0 452
15 55 0 700
15 56 0 193
15 58 0 280
15 59 0 914
15 60 0 386
15 62 0 562
15 65 0 284
15 70 0 481
15 72 0 575
15 73 0 818
15 76 0 801
15 78 0 563
15 80 0 776
15 82 0 451
15 83 0 299
15 86 0 745
15 88 0 264
15 89 0 864
15 90 0 554
15 91 0 331
15 93 0 202
15 95 0 351
15 97 0 396
15 99 0 905
28 31 0 912
28 34 0 529
28 36 0 665
28 37 0 234
28 39 0 672
28 40 0 539
28 41 0 159
28 42 0 343
28 46 0 922
28 48 0 467
28 50 0 364
28 51 0 309
28 52 0 928
28 53 0 531
28 54 0 147
28 56 0 517
28 58 0 491
28 59 0 708
28 60 0 818
28 61 0 940
28 62 0 839
28 63 0 470
28 64 0 771
28 65 0 572
28 67 0 736
28 69 0 814
28 70 0 589
28 71 0 489
28 75 0 286
28 79 0 873
28 81 0 977
28 84 0 107
28 85 0 987
28 90 0 343
28 91 0 766
28 93 0 201
28 94 0 862
28 97 0 347
28 99 0 317
28 100 0 713
33 36 0 954
33 37 0 939
33 43 0 758
33 45 0 893
33 47 0 361
33 48 0 318
33 49 0 457
33 50 0 276
33 52 0 581
33 56 0 614
33 57 0 668
33 58 0 348
33 59 0 549
33 61 0 403
33 63 0 965
33 67 0 202
33 68 0 339
33 71 0 501
33 72 0 427
33 74 0 705
33 75 0 779
33 76 0 860
33 79 0 975
33 85 0 577
33 87 0 364
33 88 0 612
33 89 0 705
33 90 0 623
33 91 0 392
33 93 0 592
33 95 0 789
33 96 0 817
33 98 0 722
33 99 0 854
33 100 0 914
44 45 0 209
44 48 0 139
44 52 0 918
44 55 0 652
44 56 0 181
44 57 0 896
44 59 0 696
44 60 0 453
44 61 0 177
44 62 0 535
44 63 0 556
44 65 0 412
44 72 0 621
44 73 0 698
44 74 0 205
44 76 0 457
44 77 0 734
44 79 0 168
44 81 0 576
44 83 0 534
44 85 0 547
44 86 0 891
44 87 0 934
44 88 0 160
44 91 0 805
44 93 0 246
44 94 0 968
44 95 0 214
44 100 0 609
9 15 0 384
9 17 0 952
9 18 0 624
9 19 0 522
9 20 0 792
9 22 0 356
9 23 0 632
9 24 0 995
9 25 0 805
9 27 0 841
9 30 0 432
9 31 0 745
9 32 0 683
9 33 0 482
9 35 0 471
9 37 0 128
9 38 0 177
9 42 0 249
9 45 0 389
9 46 0 121
9 49 0 240
9 50 0 623
9 51 0 842
9 53 0 181
9 56 0 102
9 58 0 215
9 61 0 919
9 66 0 949
9 68 0 870
9 74 0 507
9 75 0 657
9 77 0 755
9 78 0 816
9 80 0 592
9 81 0 371
9 82 0 169
9 83 0 231
9 85 0 100
9 87 0 761
9 88 0 237
9 90 0 809
9 91 0 211
9 92 0 712
9 93 0 530
9 96 0 880
9 98 0 481
9 99 0 536
55 56 0 577
55 57 0 640
55 62 0 606
55 64 0 415
55 69 0 741
55 72 0 184
55 74 0 263
55 76 0 181
55 77 0 951
55 79 0 372
55 83 0 822
55 90 0 551
55 91 0 271
55 93 0 413
55 94 0 101
55 95 0 541
55 96 0 254
55 99 0 464
90 91 0 764
90 92 0 204
90 94 0 617
90 95 0 772
32 36 0 299
32 38 0 362
32 41 0 896
32 44 0 747
32 45 0 110
32 48 0 644
32 49 0 120
32 51 0 805
32 54 0 787
32 55 0 459
32 56 0 894
32 57 0 388
32 58 0 162
32 59 0 790
32 60 0 894
32 61 0 793
32 62 0 237
32 63 0 258
32 65 0 120
32 68 0 914
32 69 0 523
32 73 0 418
32 74 0 111
32 77 0 129
32 78 0 208
32 79 0 914
32 80 0 187
32 82 0 862
32 85 0 189
32 88 0 867
32 94 0 382
32 97 0 793
32 99 0 420
32 100 0 288
23 25 0 815
23 26 0 991
23 27 0 556
23 29 0 923
23 30 0 312
23 34 0 752
23 35 0 708
23 37 0 310
23 38 0 123
23 39 0 825
23 40 0 315
23 41 0 887
23 42 0 651
23 44 0 443
23 46 0 245
23 48 0 362
23 54 0 930
23 57 0 914
23 60 0 484
23 61 0 922
23 65 0 752
23 67 0 225
23 71 0 164
23 76 0 785
23 77 0 893
23 79 0 967
23 84 0 152
23 86 0 377
23 88 0 963
23 90 0 689
23 91 0 960
23 92 0 525
23 93 0 210
23 94 0 661
23 95 0 223
23 96 0 813
23 98 0 892
23 99 0 675
1 2 1 398
1 3 1 463
1 5 1 434
1 6 1 595
1 8 1 845
1 12 1 705
1 16 1 648
1 17 1 201
1 19 1 418
1 20 1 486
1 21 1 352
1 25 1 652
1 26 1 399
1 29 1 217
1 31 1 717
1 36 1 646
1 38 1 637
1 39 1 616
1 42 1 779
1 50 1 765
1 51 1 763
1 53 1 934
1 54 1 184
1 56 1 320
1 57 1 996
1 58 1 799
1 59 1 581
1 60 1 712
1 62 1 601
1 63 1 900
1 64 1 553
1 66 1 421
1 68 1 327
1 69 1 493
1 70 1 165
1 73 1 526
1 74 1 800
1 75 1 442
1 76 1 194
1 77 1 229
1 78 1 840
1 80 1 803
1 83 1 288
1 85 1 103
1 91 1 705
1 93 1 849
1 94 1 942
1 96 1 493
1 98 1 129
1 100 1 729
2 3 1 921
2 5 1 528
2 7 1 207
2 10 1 349
2 11 1 506
2 14 1 217
2 16 1 642
2 22 1 673
2 24 1 941
2 26 1 961
2 27 1 697
2 35 1 968
2 37 1 748
2 38 1 743
2 39 1 945
2 40 1 467
2 41 1 784
2 42 1 252
2 47 1 953
2 48 1 159
2 49 1 796
2 50 1 252
2 51 1 538
2 52 1 602
2 53 1 167
2 56 1 974
2 57 1 887
2 59 1 615
2 60 1 100
2 61 1 123
2 65 1 599
2 67 1 499
2 68 1 428
2 69 1 861
2 70 1 558
2 72 1 816
2 73 1 563
2 74 1 716
2 76 1 932
2 81 1 352
2 82 1 170
2 83 1 693
2 84 1 367
2 85 1 459
2 86 1 866
2 87 1 993
2 88 1 780
2 89 1 826
2 92 1 404
2 93 1 839
2 94 1 223
2 95 1 613
2 97 1 700
2 99 1 728
3 5 1 331
3 6 1 590
3 10 1 884
3 11 1 155
3 12 1 812
3 13 1 940
3 14 1 129
3 16 1 769
3 18 1 441
3 20 1 545
3 21 1 478
3 22 1 254
3 25 1 242
3 26 1 303
3 29 1 977
3 30 1 975
3 31 1 582
3 34 1 904
3 37 1 929
3 38 1 614
3 41 1 749
3 42 1 549
3 43 1 904
3 45 1 889
3 46 1 759
3 51 1 460
3 52 1 961
3 54 1 408
3 57 1 565
3 60 1 606
3 61 1 591
3 62 1 601
3 63 1 721
3 64 1 310
3 65 1 979
3 66 1 771
3 69 1 647
3 71 1 938
3 72 1 774
3 76 1 744
3 79 1 208
3 81 1 252
3 83 1 709
3 86 1 433
3 88 1 241
3 89 1 972
3 91 1 147
3 92 1 596
3 95 1 242
3 100 1 706
5 7 1 589
5 8 1 612
5 9 1 162
5 10 1 804
5 11 1 697
5 13 1 382
5 15 1 169
5 19 1 922
5 20 1 562
5 22 1 728
5 24 1 581
5 26 1 847
5 28 1 197
5 29 1 424
5 30 1 861
5 34 1 153
5 36 1 200
5 37 1 641
5 39 1 752
5 41 1 797
5 43 1 939
5 45 1 302
5 50 1 899
5 53 1 896
5 54 1 883
5 55 1 965
5 58 1 895
5 60 1 899
5 61 1 148
5 62 1 474
5 64 1 632
5 65 1 882
5 66 1 839
5 67 1 301
5 68 1 971
5 70 1 456
5 72 1 969
5 73 1 304
5 76 1 270
5 78 1 795
5 81 1 728
5 82 1 201
5 84 1 752
5 86 1 332
5 87 1 437
5 88 1 219
5 89 1 610
5 90 1 320
5 91 1 338
5 94 1 137
5 95 1 491
5 97 1 774
6 11 1 309
6 14 1 994
6 15 1 220
6 16 1 941
6 18 1 560
6 19 1 485
6 22 1 733
6 24 1 305
6 26 1 970
6 31 1 622
6 32 1 799
6 34 1 436
6 36 1 590
6 38 1 290
6 39 1 698
6 42 1 985
6 43 1 978
6 48 1 904
6 52 1 372
6 56 1 797
6 58 1 662
6 59 1 384
6 61 1 712
6 62 1 678
6 63 1 396
6 66 1 616
6 69 1 265
6 72 1 224
6 73 1 730
6 74 1 252
6 75 1 962
6 76 1 435
6 77 1 806
6 78 1 171
6 82 1 611
6 87 1 543
6 88 1 449
6 90 1 976
6 92 1 854
6 93 1 872
6 94 1 184
6 99 1 426
8 10 1 191
8 11 1 556
8 12 1 696
8 13 1 194
8 14 1 382
8 15 1 589
8 17 1 651
8 18 1 929
8 19 1 212
8 20 1 429
8 21 1 646
8 25 1 575
8 30 1 947
8 31 1 229
8 34 1 767
8 35 1 865
8 36 1 296
8 37 1 118
8 38 1 129
8 39 1 393
8 40 1 786
8 41 1 262
8 44 1 245
8 45 1 710
8 47 1 299
8 48 1 864
8 51 1 954
8 55 1 469
8 62 1 514
8 63 1 489
8 64 1 620
8 65 1 730
8 67 1 210
8 69 1 463
8 71 1 440
8 73 1 444
8 76 1 631
8 77 1 763
8 78 1 817
8 81 1 298
8 83 1 222
8 84 1 315
8 85 1 301
8 88 1 721
8 89 1 821
8 90 1 760
8 91 1 645
8 92 1 623
8 93 1 883
8 97 1 604
8 98 1 102
8 100 1 883
12 13 1 184
12 15 1 748
12 16 1 896
12 17 1 574
12 21 1 937
12 22 1 867
12 24 1 787
12 26 1 213
12 32 1 947
12 33 1 977
12 34 1 606
12 40 1 653
12 41 1 837
12 45 1 395
12 46 1 423
12 47 1 482
12 48 1 615
12 51 1 811
12 53 1 429
12 55 1 307
12 60 1 867
12 61 1 449
12 62 1 396
12 67 1 930
12 70 1 676
12 74 1 538
12 75 1 719
12 77 1 581
12 78 1 524
12 80 1 967
12 81 1 194
12 82 1 963
12 84 1 304
12 89 1 575
12 94 1 220
12 96 1 893
16 18 1 397
16 20 1 865
16 22 1 911
16 24 1 963
16 28 1 420
16 29 1 567
16 30 1 388
16 31 1 893
16 32 1 501
16 33 1 140
16 35 1 534
16 36 1 525
16 39 1 822
16 45 1 317
16 46 1 659
16 47 1 592
16 50 1 244
16 51 1 514
16 52 1 952
16 53 1 611
16 55 1 514
16 56 1 625
16 57 1 819
16 58 1 469
16 59 1 116
16 61 1 590
16 62 1 452
16 63 1 928
16 64 1 410
16 66 1 296
16 68 1 443
16 70 1 949
16 72 1 591
16 74 1 212
16 75 1 680
16 76 1 412
16 77 1 597
16 79 1 157
16 81 1 154
16 82 1 741
16 84 1 720
16 86 1 411
16 88 1 966
16 91 1 655
16 92 1 430
16 95 1 162
16 100 1 975
17 23 1 464
17 24 1 520
17 25 1 694
17 26 1 816
17 28 1 948
17 32 1 193
17 33 1 481
17 34 1 922
17 35 1 318
17 36 1 604
17 38 1 703
17 40 1 952
17 41 1 425
17 45 1 332
17 47 1 620
17 49 1 661
17 51 1 349
17 52 1 101
17 53 1 935
17 55 1 956
17 60 1 704
17 62 1 632
17 63 1 456
17 64 1 244
17 66 1 876
17 68 1 530
17 69 1 588
17 70 1 926
17 71 1 550
17 72 1 209
17 73 1 313
17 77 1 686
17 78 1 609
17 79 1 436
17 80 1 745
17 81 1 387
17 83 1 364
17 86 1 897
17 87 1 468
17 89 1 774
17 90 1 439
17 97 1 485
17 98 1 237
17 100 1 617
19 21 1 753
19 23 1 688
19 25 1 358
19 26 1 561
19 27 1 941
19 28 1 579
19 29 1 282
19 30 1 352
19 31 1 302
19 32 1 622
19 34 1 332
19 36 1 303
19 40 1 373
19 44 1 760
19 45 1 450
19 46 1 252
19 47 1 773
19 50 1 850
19 52 1 956
19 54 1 339
19 55 1 851
19 57 1 437
19 59 1 100
19 60 1 675
19 61 1 941
19 64 1 214
19 65 1 346
19 66 1 190
19 69 1 740
19 70 1 608
19 74 1 839
19 75 1 701
19 76 1 679
19 77 1 263
19 78 1 295
19 82 1 504
19 86 1 662
19 88 1 471
19 89 1 982
19 93 1 286
19 95 1 933
19 96 1 143
19 97 1 348
19 98 1 435
19 99 1 590
20 21 1 299
20 23 1 815
20 24 1 490
20 25 1 601
20 26 1 461
20 28 1 445
20 29 1 387
20 34 1 217
20 35 1 458
20 36 1 445
20 38 1 677
20 41 1 773
20 45 1 406
20 47 1 794
20 48 1 652
20 50 1 777
20 51 1 121
20 56 1 378
20 59 1 326
20 60 1 796
20 61 1 755
20 63 1 592
20 68 1 248
20 70 1 144
20 72 1 122
20 73 1 960
20 74 1 234
20 78 1 881
20 79 1 322
20 80 1 977
20 81 1 124
20 87 1 577
20 89 1 503
20 90 1 900
20 92 1 243
20 96 1 531
20 97 1 884
20 98 1 208
20 99 1 551
21 22 1 765
21 23 1 862
21 24 1 960
21 25 1 770
21 30 1 292
21 33 1 545
21 34 1 115
21 35 1 850
21 37 1 957
21 42 1 221
21 44 1 451
21 45 1 823
21 47 1 403
21 48 1 809
21 49 1 924
21 50 1 939
21 54 1 387
21 57 1 304
21 58 1 856
21 59 1 408
21 61 1 868
21 62 1 237
21 64 1 474
21 66 1 952
21 72 1 106
21 74 1 117
21 76 1 971
21 77 1 876
21 78 1 899
21 80 1 671
21 81 1 348
21 84 1 163
21 90 1 220
21 93 1 162
21 94 1 944
21 95 1 924
21 98 1 217
21 100 1 788
25 26 1 883
25 27 1 523
25 28 1 143
25 32 1 792
25 33 1 238
25 35 1 495
25 37 1 921
25 41 1 713
25 42 1 102
25 45 1 329
25 50 1 992
25 51 1 753
25 52 1 321
25 53 1 269
25 55 1 402
25 56 1 460
25 57 1 783
25 62 1 828
25 64 1 448
25 68 1 242
25 69 1 242
25 70 1 983
25 72 1 296
25 74 1 436
25 75 1 372
25 76 1 860
25 77 1 837
25 78 1 372
25 80 1 549
25 83 1 419
25 84 1 123
25 89 1 537
25 91 1 939
25 92 1 988
25 93 1 616
25 95 1 752
25 96 1 307
25 98 1 902
25 99 1 646
26 28 1 400
26 29 1 818
26 30 1 926
26 31 1 631
26 32 1 918
26 34 1 223
26 35 1 104
26 43 1 569
26 46 1 947
26 49 1 498
26 50 1 702
26 54 1 358
26 55 1 208
26 59 1 786
26 65 1 587
26 71 1 495
26 74 1 928
26 75 1 551
26 76 1 533
26 78 1 353
26 79 1 589
26 80 1 752
26 81 1 591
26 82 1 251
26 83 1 521
26 84 1 284
26 85 1 399
26 90 1 942
26 92 1 227
26 95 1 247
26 97 1 848
26 98 1 322
26 100 1 729
29 30 1 650
29 31 1 821
29 32 1 155
29 33 1 277
29 34 1 100
29 35 1 475
29 36 1 184
29 37 1 733
29 44 1 572
29 45 1 644
29 46 1 298
29 48 1 372
29 54 1 546
29 55 1 607
29 56 1 685
29 57 1 199
29 62 1 620
29 65 1 179
29 67 1 393
29 68 1 409
29 69 1 830
29 71 1 853
29 72 1 923
29 73 1 370
29 74 1 864
29 77 1 952
29 78 1 839
29 81 1 232
29 83 1 828
29 88 1 439
29 91 1 407
29 92 1 664
29 93 1 686
29 95 1 883
29 98 1 910
31 33 1 299
31 34 1 677
31 35 1 114
31 36 1 301
31 38 1 343
31 40 1 177
31 41 1 953
31 49 1 723
31 50 1 117
31 51 1 646
31 53 1 557
31 54 1 644
31 57 1 915
31 59 1 590
31 60 1 983
31 62 1 865
31 65 1 794
31 66 1 752
31 67 1 863
31 68 1 559
31 70 1 302
31 71 1 110
31 72 1 877
31 75 1 188
31 76 1 388
31 77 1 577
31 78 1 838
31 80 1 996
31 83 1 499
31 84 1 616
31 85 1 397
31 86 1 536
31 92 1 891
31 94 1 990
31 98 1 125
36 40 1 832
36 41 1 775
36 43 1 164
36 45 1 504
36 47 1 262
36 58 1 573
36 59 1 854
36 60 1 504
36 64 1 864
36 66 1 412
36 67 1 682
36 68 1 750
36 70 1 365
36 76 1 625
36 77 1 248
36 78 1 573
36 80 1 960
36 81 1 719
36 83 1 332
36 86 1 710
36 91 1 855
36 92 1 381
36 93 1 695
36 95 1 319
36 96 1 419
38 39 1 562
38 40 1 112
38 44 1 476
38 47 1 697
38 48 1 821
38 49 1 583
38 53 1 225
38 54 1 104
38 55 1 572
38 58 1 583
38 59 1 417
38 60 1 183
38 62 1 267
38 65 1 941
38 66 1 771
38 68 1 285
38 69 1 322
38 70 1 488
38 71 1 382
38 75 1 130
38 76 1 796
38 78 1 569
38 82 1 863
38 83 1 367
38 84 1 699
38 89 1 122
38 91 1 821
38 92 1 928
38 93 1 997
38 94 1 614
38 96 1 925
38 97 1 825
38 99 1 908
38 100 1 543
39 41 1 982
39 43 1 853
39 44 1 544
39 45 1 980
39 46 1 594
39 48 1 736
39 50 1 332
39 51 1 903
39 52 1 852
39 53 1 719
39 55 1 763
39 58 1 342
39 61 1 382
39 63 1 814
39 68 1 287
39 71 1 732
39 74 1 643
39 78 1 562
39 81 1 299
39 82 1 348
39 83 1 368
39 86 1 858
39 87 1 625
39 88 1 489
39 90 1 911
39 91 1 575
39 93 1 177
39 94 1 535
39 96 1 276
39 97 1 242
39 99 1 345
39 100 1 714
42 44 1 372
42 45 1 760
42 46 1 542
42 52 1 339
42 55 1 269
42 57 1 960
42 58 1 825
42 59 1 676
42 60 1 360
42 62 1 227
42 65 1 690
42 67 1 925
42 70 1 649
42 77 1 889
42 80 1 752
42 81 1 581
42 82 1 564
42 83 1 110
42 85 1 344
42 86 1 709
42 87 1 496
42 88 1 981
42 89 1 401
42 90 1 166
42 91 1 551
42 92 1 593
42 93 1 115
42 96 1 182
42 98 1 649
50 51 1 588
50 52 1 838
50 54 1 415
50 55 1 145
50 56 1 318
50 58 1 755
50 59 1 613
50 60 1 481
50 61 1 584
50 62 1 560
50 63 1 699
50 64 1 261
50 66 1 906
50 70 1 132
50 71 1 777
50 73 1 556
50 75 1 899
50 76 1 295
50 79 1 977
50 80 1 792
50 82 1 319
50 87 1 682
50 88 1 235
50 89 1 807
50 90 1 738
50 91 1 897
50 92 1 461
50 93 1 284
50 96 1 443
50 97 1 145
50 99 1 459
50 100 1 455
51 56 1 492
51 57 1 819
51 59 1 449
51 60 1 383
51 61 1 771
51 63 1 715
51 64 1 969
51 65 1 240
51 67 1 519
51 68 1 340
51 69 1 789
51 70 1 652
51 71 1 365
51 73 1 951
51 77 1 634
51 80 1 360
51 85 1 498
51 87 1 671
51 90 1 890
51 93 1 247
51 94 1 673
51 95 1 975
51 98 1 692
53 54 1 282
53 56 1 313
53 57 1 101
53 59 1 638
53 69 1 947
53 71 1 441
53 73 1 742
53 74 1 585
53 76 1 971
53 80 1 156
53 81 1 658
53 83 1 370
53 85 1 870
53 86 1 923
53 87 1 455
53 89 1 117
53 93 1 422
53 95 1 234
53 96 1 290
53 97 1 459
53 99 1 745
53 100 1 922
54 55 1 645
54 56 1 497
54 57 1 599
54 58 1 129
54 61 1 638
54 63 1 179
54 64 1 574
54 65 1 136
54 66 1 243
54 67 1 406
54 70 1 630
54 72 1 159
54 73 1 489
54 75 1 795
54 81 1 382
54 86 1 554
54 89 1 775
54 91 1 406
54 94 1 491
54 99 1 241
56 58 1 136
56 62 1 642
56 65 1 440
56 66 1 231
56 67 1 725
56 68 1 879
56 69 1 388
56 71 1 451
56 73 1 504
56 77 1 635
56 79 1 298
56 80 1 999
56 82 1 605
56 84 1 344
56 85 1 506
56 86 1 950
56 87 1 995
56 89 1 458
56 90 1 505
56 91 1 248
56 92 1 546
56 94 1 779
56 97 1 197
56 98 1 444
56 100 1 910
57 58 1 809
57 61 1 741
57 62 1 356
57 63 1 823
57 66 1 652
57 68 1 105
57 71 1 551
57 72 1 947
57 73 1 491
57 75 1 204
57 76 1 148
57 78 1 511
57 79 1 162
57 86 1 665
57 88 1 761
57 90 1 475
57 91 1 128
57 93 1 361
57 96 1 924
57 99 1 579
58 59 1 105
58 62 1 550
58 63 1 694
58 64 1 813
58 68 1 298
58 70 1 962
58 73 1 303
58 76 1 902
58 78 1 160
58 79 1 727
58 80 1 919
58 83 1 408
58 84 1 976
58 88 1 882
58 89 1 432
58 90 1 766
58 91 1 699
58 92 1 274
58 94 1 714
58 95 1 694
58 97 1 647
58 100 1 181
59 68 1 839
59 71 1 900
59 73 1 107
59 74 1 427
59 75 1 388
59 77 1 170
59 79 1 936
59 81 1 667
59 86 1 545
59 88 1 273
59 89 1 895
59 92 1 853
59 93 1 579
59 94 1 581
59 97 1 309
59 100 1 986
60 61 1 668
60 62 1 503
60 63 1 625
60 64 1 289
60 65 1 926
60 67 1 222
60 74 1 877
60 75 1 835
60 76 1 853
60 78 1 802
60 79 1 251
60 80 1 872
60 81 1 452
60 82 1 459
60 86 1 955
60 88 1 499
60 89 1 310
60 90 1 627
60 92 1 316
60 100 1 384
62 64 1 746
62 65 1 551
62 68 1 894
62 69 1 433
62 70 1 927
62 71 1 871
62 72 1 413
62 73 1 718
62 74 1 434
62 76 1 931
62 77 1 279
62 80 1 408
62 81 1 830
62 82 1 525
62 83 1 921
62 84 1 364
62 86 1 417
62 87 1 230
62 89 1 855
62 91 1 436
62 92 1 968
62 93 1 880
62 94 1 462
62 95 1 411
62 97 1 526
62 99 1 697
62 100 1 489
63 64 1 688
63 68 1 911
63 70 1 236
63 71 1 293
63 73 1 661
63 74 1 981
63 75 1 622
63 77 1 113
63 81 1 681
63 82 1 897
63 83 1 641
63 88 1 213
63 89 1 573
63 91 1 765
63 92 1 528
63 94 1 398
63 95 1 261
63 97 1 281
63 98 1 308
63 100 1 574
64 66 1 822
64 69 1 562
64 71 1 849
64 72 1 122
64 73 1 970
64 75 1 290
64 76 1 834
64 79 1 796
64 80 1 617
64 81 1 995
64 82 1 780
64 84 1 322
64 85 1 863
64 86 1 486
64 87 1 137
64 88 1 200
64 90 1 578
64 94 1 447
64 96 1 926
64 97 1 847
64 99 1 587
64 100 1 331
66 68 1 441
66 73 1 746
66 74 1 223
66 77 1 981
66 78 1 365
66 79 1 355
66 83 1 800
66 86 1 394
66 93 1 112
66 94 1 388
66 97 1 847
66 98 1 622
68 71 1 536
68 72 1 521
68 73 1 766
68 74 1 466
68 75 1 338
68 76 1 976
68 78 1 321
68 79 1 285
68 82 1 216
68 83 1 590
68 88 1 175
68 89 1 344
68 90 1 437
68 94 1 595
68 98 1 947
68 100 1 438
69 70 1 221
69 75 1 137
69 77 1 441
69 78 1 254
69 79 1 178
69 80 1 949
69 83 1 475
69 85 1 653
69 87 1 413
69 88 1 554
69 89 1 295
69 92 1 252
69 93 1 684
69 94 1 166
69 96 1 330
70 75 1 729
70 76 1 983
70 78 1 922
70 80 1 666
70 82 1 567
70 85 1 664
70 87 1 181
70 88 1 806
73 75 1 689
73 76 1 609
73 77 1 807
73 78 1 309
73 80 1 137
73 81 1 898
73 83 1 290
73 87 1 662
73 88 1 686
73 89 1 745
73 90 1 174
73 91 1 721
73 93 1 868
73 94 1 866
73 97 1 629
73 100 1 745
74 78 1 303
74 79 1 236
74 81 1 923
74 83 1 847
74 84 1 332
74 85 1 490
74 86 1 605
74 89 1 175
74 90 1 668
74 91 1 609
74 92 1 802
74 93 1 430
74 94 1 425
74 95 1 1000
74 96 1 754
74 100 1 897
75 76 1 749
75 78 1 407
75 85 1 465
75 86 1 809
75 87 1 530
75 93 1 823
75 94 1 782
75 95 1 924
75 99 1 528
75 100 1 202
76 77 1 814
76 79 1 524
76 80 1 995
76 81 1 328
76 83 1 252
76 84 1 904
76 85 1 858
76 88 1 348
76 94 1 630
77 82 1 154
77 85 1 865
77 87 1 581
77 90 1 627
77 91 1 778
77 100 1 849
78 81 1 667
78 83 1 289
78 86 1 162
78 87 1 833
78 90 1 614
78 95 1 573
78 96 1 641
78 97 1 389
78 99 1 287
80 82 1 115
80 83 1 702
80 85 1 429
80 86 1 788
80 89 1 515
80 90 1 255
80 91 1 809
80 95 1 675
80 96 1 415
80 98 1 627
80 99 1 852
83 84 1 395
83 86 1 805
83 88 1 604
83 90 1 751
83 91 1 636
83 92 1 955
83 93 1 295
83 94 1 915
83 95 1 290
83 96 1 737
83 97 1 400
83 98 1 746
83 99 1 454
83 100 1 488
85 86 1 946
85 89 1 902
85 93 1 220
85 95 1 144
85 96 1 472
85 97 1 354
85 98 1 566
85 99 1 424
85 100 1 363
91 92 1 301
91 95 1 962
91 98 1 594
93 94 1 939
93 96 1 950
93 99 1 243
94 96 1 924
94 97 1 428
94 100 1 342
96 99 1 259
98 99 1 354
7 9 1 385
7 11 1 239
7 12 1 672
7 13 1 187
7 14 1 232
7 16 1 714
7 17 1 293
7 18 1 323
7 19 1 585
7 21 1 606
7 23 1 301
7 24 1 468
7 25 1 846
7 26 1 261
7 27 1 270
7 28 1 495
7 29 1 852
7 30 1 535
7 32 1 634
7 34 1 392
7 37 1 203
7 40 1 558
7 42 1 169
7 44 1 325
7 45 1 485
7 47 1 299
7 48 1 132
7 50 1 836
7 52 1 469
7 59 1 430
7 60 1 651
7 61 1 655
7 62 1 405
7 63 1 578
7 65 1 634
7 66 1 729
7 68 1 636
7 70 1 906
7 74 1 154
7 76 1 536
7 79 1 211
7 80 1 216
7 81 1 479
7 83 1 599
7 85 1 735
7 86 1 121
7 87 1 272
7 89 1 623
7 90 1 108
7 92 1 480
7 94 1 266
7 95 1 653
7 97 1 437
7 98 1 705
7 99 1 217
7 100 1 353
10 11 1 861
10 14 1 210
10 15 1 916
10 16 1 643
10 19 1 967
10 21 1 430
10 25 1 228
10 28 1 808
10 29 1 858
10 30 1 538
10 36 1 544
10 38 1 788
10 40 1 855
10 41 1 622
10 43 1 863
10 48 1 587
10 51 1 306
10 53 1 390
10 54 1 446
10 55 1 466
10 56 1 666
10 59 1 779
10 62 1 280
10 64 1 711
10 66 1 319
10 67 1 863
10 69 1 791
10 70 1 291
10 71 1 911
10 75 1 856
10 81 1 237
10 82 1 501
10 83 1 808
10 86 1 426
10 87 1 474
10 89 1 760
10 90 1 641
10 92 1 500
10 93 1 582
10 94 1 399
10 95 1 131
10 96 1 581
10 98 1 567
10 99 1 793
11 13 1 183
11 20 1 865
11 22 1 997
11 26 1 307
11 27 1 197
11 29 1 326
11 30 1 602
11 31 1 265
11 33 1 584
11 37 1 400
11 38 1 970
11 39 1 110
11 42 1 517
11 43 1 263
11 45 1 287
11 49 1 817
11 51 1 587
11 54 1 409
11 55 1 286
11 56 1 449
11 59 1 762
11 60 1 471
11 61 1 360
11 63 1 653
11 67 1 636
11 69 1 457
11 70 1 549
11 71 1 320
11 72 1 383
11 73 1 291
11 74 1 550
11 75 1 970
11 76 1 177
11 78 1 741
11 80 1 115
11 82 1 294
11 83 1 988
11 84 1 254
11 92 1 169
11 93 1 724
11 96 1 366
11 98 1 894
11 99 1 230
14 17 1 709
14 19 1 304
14 21 1 368
14 22 1 118
14 26 1 829
14 27 1 295
14 30 1 277
14 33 1 609
14 36 1 891
14 40 1 664
14 44 1 983
14 46 1 747
14 48 1 642
14 49 1 719
14 53 1 154
14 55 1 191
14 56 1 379
14 59 1 997
14 62 1 736
14 63 1 647
14 64 1 291
14 67 1 377
14 68 1 965
14 71 1 235
14 72 1 339
14 78 1 926
14 81 1 440
14 85 1 571
14 88 1 387
14 92 1 442
14 94 1 764
14 95 1 641
14 97 1 298
14 99 1 970
22 23 1 324
22 24 1 774
22 26 1 488
22 32 1 524
22 33 1 676
22 34 1 488
22 36 1 717
22 37 1 359
22 44 1 885
22 48 1 877
22 52 1 534
22 55 1 703
22 56 1 343
22 57 1 233
22 58 1 862
22 59 1 550
22 60 1 894
22 61 1 966
22 62 1 563
22 63 1 283
22 66 1 127
22 69 1 325
22 73 1 805
22 75 1 532
22 81 1 884
22 82 1 603
22 83 1 960
22 84 1 569
22 85 1 234
22 86 1 924
22 87 1 881
22 88 1 975
22 89 1 894
22 91 1 116
22 92 1 754
22 94 1 855
22 96 1 957
22 98 1 709
22 100 1 167
24 29 1 589
24 30 1 495
24 34 1 856
24 36 1 109
24 40 1 918
24 42 1 360
24 43 1 382
24 44 1 173
24 45 1 546
24 51 1 131
24 52 1 140
24 60 1 334
24 61 1 228
24 62 1 141
24 63 1 910
24 69 1 911
24 71 1 953
24 72 1 850
24 73 1 998
24 74 1 950
24 78 1 712
24 80 1 846
24 82 1 911
24 85 1 394
24 86 1 383
24 88 1 613
24 89 1 759
24 92 1 825
24 93 1 516
24 94 1 275
24 95 1 146
24 96 1 387
24 97 1 992
24 99 1 926
27 30 1 700
27 32 1 489
27 35 1 462
27 36 1 798
27 39 1 313
27 40 1 282
27 41 1 626
27 43 1 747
27 44 1 811
27 45 1 365
27 46 1 989
27 47 1 555
27 49 1 438
27 51 1 205
27 52 1 262
27 54 1 325
27 55 1 189
27 56 1 141
27 57 1 682
27 58 1 246
27 59 1 218
27 61 1 394
27 62 1 776
27 63 1 406
27 64 1 528
27 69 1 620
27 75 1 888
27 76 1 287
27 78 1 915
27 79 1 272
27 81 1 149
27 82 1 573
27 84 1 839
27 87 1 500
27 89 1 319
27 90 1 427
27 91 1 871
27 93 1 574
27 94 1 701
27 98 1 885
27 99 1 169
27 100 1 847
35 37 1 942
35 40 1 855
35 42 1 276
35 43 1 343
35 44 1 264
35 46 1 151
35 47 1 138
35 48 1 190
35 49 1 740
35 53 1 816
35 55 1 792
35 57 1 887
35 59 1 196
35 60 1 807
35 61 1 689
35 63 1 995
35 65 1 837
35 67 1 848
35 68 1 283
35 69 1 716
35 70 1 280
35 71 1 562
35 72 1 619
35 79 1 884
35 80 1 245
35 84 1 217
35 87 1 567
35 89 1 861
35 94 1 686
35 95 1 803
35 99 1 909
35 100 1 687
37 39 1 997
37 40 1 721
37 41 1 951
37 42 1 108
37 43 1 966
37 47 1 907
37 49 1 581
37 51 1 956
37 54 1 218
37 56 1 582
37 60 1 217
37 62 1 870
37 64 1 389
37 69 1 699
37 70 1 209
37 72 1 278
37 76 1 651
37 77 1 583
37 78 1 881
37 80 1 947
37 81 1 117
37 82 1 604
37 83 1 957
37 85 1 845
37 86 1 901
37 89 1 206
37 90 1 559
37 95 1 996
37 96 1 596
37 97 1 941
37 98 1 781
37 100 1 517
40 44 1 437
40 46 1 135
40 47 1 141
40 48 1 885
40 50 1 449
40 54 1 117
40 55 1 164
40 57 1 792
40 58 1 904
40 62 1 317
40 63 1 260
40 67 1 885
40 68 1 747
40 69 1 282
40 70 1 593
40 72 1 262
40 75 1 336
40 77 1 630
40 78 1 743
40 79 1 950
40 81 1 472
40 82 1 999
40 83 1 678
40 89 1 825
40 90 1 696
40 93 1 400
40 94 1 222
40 95 1 810
40 96 1 110
40 99 1 673
40 100 1 129
41 42 1 801
41 43 1 978
41 44 1 193
41 47 1 823
41 48 1 650
41 50 1 919
41 53 1 879
41 54 1 485
41 56 1 531
41 60 1 282
41 61 1 909
41 62 1 883
41 63 1 420
41 64 1 687
41 66 1 594
41 67 1 494
41 69 1 980
41 70 1 426
41 72 1 396
41 73 1 643
41 75 1 403
41 76 1 644
41 77 1 179
41 79 1 411
41 82 1 171
41 83 1 220
41 84 1 355
41 92 1 123
41 93 1 929
41 94 1 479
41 98 1 137
47 49 1 606
47 55 1 142
47 62 1 486
47 63 1 702
47 67 1 711
47 72 1 485
47 74 1 369
47 77 1 310
47 78 1 166
47 80 1 317
47 81 1 997
47 83 1 238
47 90 1 314
47 93 1 285
47 94 1 314
47 96 1 959
47 99 1 154
47 100 1 214
48 49 1 341
48 50 1 937
48 51 1 635
48 52 1 238
48 53 1 729
48 55 1 432
48 60 1 337
48 61 1 542
48 62 1 804
48 63 1 678
48 65 1 575
48 69 1 775
48 70 1 510
48 74 1 770
48 78 1 853
48 80 1 409
48 82 1 815
48 83 1 970
48 84 1 552
48 85 1 912
48 87 1 526
48 88 1 108
48 90 1 391
48 91 1 264
48 92 1 488
48 93 1 107
48 95 1 523
48 96 1 964
48 97 1 756
48 100 1 305
49 50 1 977
49 54 1 579
49 55 1 878
49 57 1 577
49 58 1 435
49 59 1 905
49 60 1 608
49 61 1 556
49 64 1 475
49 65 1 291
49 66 1 366
49 68 1 378
49 69 1 476
49 70 1 314
49 71 1 846
49 72 1 119
49 74 1 142
49 77 1 393
49 78 1 672
49 81 1 742
49 82 1 514
49 83 1 634
49 84 1 760
49 85 1 736
49 86 1 830
49 87 1 287
49 88 1 828
49 90 1 919
49 91 1 303
49 92 1 905
49 93 1 799
49 95 1 116
49 96 1 724
49 100 1 135
52 53 1 491
52 54 1 388
52 55 1 277
52 56 1 997
52 57 1 572
52 59 1 999
52 60 1 924
52 62 1 521
52 63 1 499
52 64 1 666
52 65 1 291
52 66 1 263
52 68 1 688
52 69 1 882
52 70 1 969
52 72 1 765
52 79 1 586
52 83 1 645
52 88 1 102
52 91 1 417
52 94 1 744
52 95 1 828
52 97 1 723
52 100 1 259
61 63 1 369
61 64 1 849
61 65 1 568
61 66 1 931
61 68 1 359
61 71 1 553
61 72 1 544
61 79 1 184
61 80 1 677
61 81 1 192
61 83 1 547
61 84 1 334
61 85 1 680
61 86 1 324
61 88 1 961
61 89 1 531
61 90 1 740
61 93 1 595
61 95 1 368
61 96 1 252
61 97 1 873
61 98 1 528
65 66 1 503
65 69 1 191
65 71 1 513
65 73 1 485
65 74 1 583
65 75 1 938
65 76 1 968
65 78 1 368
65 80 1 371
65 82 1 114
65 83 1 978
65 84 1 207
65 91 1 838
65 92 1 542
65 93 1 229
65 94 1 196
65 98 1 444
65 100 1 990
67 68 1 253
67 73 1 948
67 76 1 749
67 78 1 876
67 85 1 419
67 86 1 532
67 88 1 550
67 90 1 933
67 91 1 332
67 94 1 597
67 96 1 909
67 97 1 571
67 99 1 920
72 74 1 708
72 78 1 792
72 79 1 426
72 80 1 652
72 81 1 879
72 82 1 633
72 85 1 944
72 86 1 206
72 90 1 688
72 92 1 347
72 93 1 417
72 94 1 937
72 100 1 164
81 82 1 107
81 83 1 145
81 84 1 302
81 86 1 312
81 87 1 731
81 89 1 559
81 90 1 413
81 93 1 598
81 94 1 777
81 95 1 747
81 98 1 844
81 100 1 379
82 83 1 948
82 85 1 816
82 86 1 261
82 87 1 318
82 90 1 780
82 92 1 589
82 100 1 709
84 85 1 108
84 86 1 265
84 87 1 796
84 92 1 779
84 93 1 901
84 94 1 270
84 96 1 266
86 89 1 867
86 90 1 578
86 91 1 998
86 92 1 117
86 95 1 882
86 96 1 787
86 98 1 993
87 89 1 487
87 90 1 528
87 94 1 528
87 95 1 664
87 98 1 443
87 99 1 855
88 89 1 731
88 91 1 409
88 93 1 204
88 99 1 594
88 100 1 469
89 93 1 288
89 94 1 582
89 95 1 383
89 96 1 818
89 98 1 775
92 99 1 759
95 96 1 761
95 99 1 757
95 100 1 944
97 98 1 430
97 99 1 480
97 100 1 672
13 17 1 796
13 18 1 304
13 19 1 485
13 20 1 908
13 22 1 135
13 23 1 979
13 24 1 421
13 25 1 814
13 26 1 571
13 27 1 335
13 28 1 152
13 31 1 697
13 33 1 269
13 36 1 397
13 37 1 761
13 38 1 779
13 40 1 995
13 41 1 112
13 45 1 693
13 46 1 824
13 47 1 993
13 52 1 213
13 53 1 374
13 55 1 989
13 59 1 524
13 60 1 610
13 61 1 684
13 63 1 696
13 65 1 320
13 69 1 221
13 70 1 236
13 73 1 907
13 74 1 543
13 76 1 695
13 80 1 288
13 83 1 996
13 84 1 561
13 87 1 147
13 91 1 649
13 93 1 738
13 94 1 369
13 99 1 180
13 100 1 897
18 19 1 600
18 24 1 630
18 26 1 621
18 28 1 478
18 32 1 706
18 33 1 294
18 36 1 920
18 37 1 545
18 41 1 178
18 42 1 515
18 43 1 317
18 44 1 977
18 45 1 930
18 47 1 295
18 48 1 463
18 51 1 652
18 52 1 256
18 53 1 475
18 54 1 521
18 55 1 632
18 56 1 576
18 57 1 614
18 59 1 453
18 61 1 935
18 62 1 124
18 64 1 520
18 65 1 667
18 66 1 335
18 67 1 941
18 69 1 267
18 75 1 893
18 77 1 104
18 79 1 219
18 80 1 427
18 82 1 423
18 85 1 293
18 86 1 210
18 87 1 872
18 88 1 446
18 89 1 370
18 90 1 880
18 91 1 352
18 96 1 267
18 97 1 914
18 99 1 755
30 31 1 302
30 34 1 962
30 36 1 130
30 37 1 803
30 39 1 656
30 41 1 447
30 43 1 652
30 46 1 431
30 47 1 173
30 50 1 445
30 55 1 171
30 56 1 760
30 57 1 456
30 60 1 973
30 66 1 459
30 67 1 738
30 71 1 411
30 72 1 318
30 73 1 545
30 75 1 353
30 76 1 623
30 80 1 248
30 82 1 524
30 83 1 295
30 85 1 106
30 86 1 966
30 87 1 462
30 89 1 727
30 92 1 361
30 93 1 572
30 96 1 451
30 97 1 246
30 98 1 586
30 99 1 968
34 35 1 411
34 36 1 253
34 39 1 783
34 40 1 752
34 41 1 367
34 42 1 362
34 45 1 700
34 50 1 756
34 54 1 511
34 58 1 359
34 60 1 470
34 62 1 396
34 66 1 902
34 67 1 970
34 69 1 852
34 70 1 180
34 71 1 427
34 73 1 231
34 75 1 915
34 76 1 845
34 77 1 923
34 81 1 170
34 84 1 469
34 86 1 493
34 87 1 912
34 90 1 452
34 92 1 444
34 93 1 412
34 99 1 867
34 100 1 162
43 47 1 709
43 49 1 367
43 51 1 969
43 52 1 224
43 56 1 353
43 60 1 250
43 61 1 870
43 62 1 513
43 63 1 343
43 64 1 151
43 65 1 968
43 68 1 929
43 71 1 636
43 73 1 200
43 75 1 989
43 76 1 980
43 78 1 625
43 79 1 962
43 82 1 722
43 85 1 103
43 87 1 605
43 88 1 121
43 93 1 289
43 98 1 912
43 99 1 445
45 46 1 762
45 47 1 528
45 49 1 726
45 52 1 300
45 57 1 196
45 58 1 567
45 59 1 150
45 63 1 232
45 64 1 242
45 65 1 617
45 66 1 453
45 67 1 668
45 72 1 946
45 73 1 565
45 74 1 522
45 75 1 161
45 76 1 832
45 77 1 719
45 78 1 949
45 80 1 876
45 81 1 843
45 83 1 869
45 88 1 181
45 90 1 507
45 92 1 364
45 93 1 632
45 94 1 215
45 95 1 635
45 97 1 790
45 98 1 855
46 51 1 265
46 53 1 357
46 54 1 182
46 58 1 732
46 63 1 688
46 64 1 153
46 66 1 333
46 67 1 896
46 71 1 260
46 72 1 880
46 74 1 489
46 75 1 475
46 76 1 680
46 77 1 651
46 78 1 359
46 81 1 698
46 84 1 215
46 88 1 866
46 90 1 861
46 94 1 291
46 97 1 614
46 99 1 856
71 72 1 936
71 73 1 133
71 80 1 558
71 82 1 242
71 86 1 808
71 90 1 816
71 92 1 847
71 93 1 908
71 96 1 879
71 97 1 980
79 81 1 680
79 82 1 112
79 84 1 116
79 85 1 483
79 86 1 839
79 88 1 314
79 91 1 412
79 92 1 850
79 94 1 987
79 96 1 835
79 99 1 370
4 6 1 596
4 8 1 778
4 11 1 752
4 12 1 661
4 13 1 105
4 14 1 855
4 15 1 634
4 17 1 678
4 18 1 756
4 19 1 264
4 22 1 267
4 24 1 589
4 25 1 607
4 28 1 259
4 33 1 469
4 34 1 288
4 36 1 634
4 39 1 482
4 40 1 758
4 44 1 156
4 45 1 289
4 47 1 548
4 51 1 718
4 52 1 444
4 53 1 518
4 54 1 113
4 58 1 249
4 59 1 240
4 60 1 854
4 61 1 736
4 62 1 192
4 63 1 881
4 64 1 673
4 68 1 586
4 70 1 749
4 74 1 494
4 75 1 541
4 76 1 770
4 81 1 173
4 82 1 512
4 84 1 948
4 85 1 681
4 86 1 142
4 87 1 589
4 88 1 434
4 92 1 289
4 93 1 778
4 94 1 756
4 95 1 424
4 96 1 464
15 23 1 179
15 24 1 867
15 27 1 415
15 29 1 607
15 30 1 738
15 31 1 141
15 32 1 836
15 33 1 375
15 34 1 647
15 35 1 567
15 36 1 331
15 39 1 661
15 40 1 526
15 41 1 481
15 49 1 513
15 50 1 809
15 52 1 143
15 53 1 907
15 55 1 899
15 56 1 167
15 58 1 654
15 59 1 350
15 60 1 323
15 62 1 179
15 65 1 132
15 70 1 754
15 72 1 414
15 73 1 490
15 76 1 949
15 78 1 502
15 80 1 746
15 82 1 355
15 83 1 474
15 86 1 818
15 88 1 449
15 89 1 173
15 90 1 827
15 91 1 912
15 93 1 550
15 95 1 227
15 97 1 702
15 99 1 560
28 31 1 400
28 34 1 781
28 36 1 631
28 37 1 361
28 39 1 820
28 40 1 928
28 41 1 142
28 42 1 428
28 46 1 981
28 48 1 236
28 50 1 864
28 51 1 685
28 52 1 315
28 53 1 109
28 54 1 283
28 56 1 186
28 58 1 122
28 59 1 990
28 60 1 212
28 61 1 921
28 62 1 515
28 63 1 597
28 64 1 856
28 65 1 834
28 67 1 115
28 69 1 163
28 70 1 361
28 71 1 790
28 75 1 483
28 79 1 531
28 81 1 703
28 84 1 492
28 85 1 827
28 90 1 789
28 91 1 703
28 93 1 794
28 94 1 863
28 97 1 420
28 99 1 413
28 100 1 880
33 36 1 982
33 37 1 232
33 43 1 933
33 45 1 500
33 47 1 157
33 48 1 663
33 49 1 332
33 50 1 130
33 52 1 322
33 56 1 827
33 57 1 430
33 58 1 516
33 59 1 575
33 61 1 251
33 63 1 102
33 67 1 409
33 68 1 813
33 71 1 203
33 72 1 794
33 74 1 692
33 75 1 866
33 76 1 239
33 79 1 573
33 85 1 363
33 87 1 151
33 88 1 591
33 89 1 829
33 90 1 320
33 91 1 439
33 93 1 927
33 95 1 766
33 96 1 224
33 98 1 720
33 99 1 484
33 100 1 374
44 45 1 370
44 48 1 905
44 52 1 323
44 55 1 367
44 56 1 936
44 57 1 982
44 59 1 299
44 60 1 131
44 61 1 912
44 62 1 463
44 63 1 965
44 65 1 854
44 72 1 573
44 73 1 287
44 74 1 894
44 76 1 900
44 77 1 110
44 79 1 741
44 81 1 880
44 83 1 402
44 85 1 921
44 86 1 667
44 87 1 355
44 88 1 882
44 91 1 120
44 93 1 654
44 94 1 218
44 95 1 125
44 100 1 416
9 15 1 452
9 17 1 962
9 18 1 187
9 19 1 110
9 20 1 937
9 22 1 595
9 23 1 211
9 24 1 932
9 25 1 226
9 27 1 732
9 30 1 844
9 31 1 745
9 32 1 191
9 33 1 642
9 35 1 722
9 37 1 520
9 38 1 162
9 42 1 175
9 45 1 832
9 46 1 523
9 49 1 943
9 50 1 799
9 51 1 461
9 53 1 250
9 56 1 678
9 58 1 797
9 61 1 164
9 66 1 906
9 68 1 115
9 74 1 890
9 75 1 314
9 77 1 818
9 78 1 190
9 80 1 399
9 81 1 193
9 82 1 944
9 83 1 539
9 85 1 641
9 87 1 458
9 88 1 504
9 90 1 121
9 91 1 696
9 92 1 833
9 93 1 281
9 96 1 915
9 98 1 935
9 99 1 309
55 56 1 257
55 57 1 903
55 62 1 226
55 64 1 471
55 69 1 541
55 72 1 476
55 74 1 646
55 76 1 760
55 77 1 326
55 79 1 763
55 83 1 847
55 90 1 591
55 91 1 586
55 93 1 103
55 94 1 656
55 95 1 647
55 96 1 570
55 99 1 480
90 91 1 510
90 92 1 326
90 94 1 934
90 95 1 187
32 36 1 942
32 38 1 666
32 41 1 666
32 44 1 775
32 45 1 294
32 48 1 311
32 49 1 694
32 51 1 994
32 54 1 811
32 55 1 614
32 56 1 633
32 57 1 526
32 58 1 197
32 59 1 576
32 60 1 562
32 61 1 451
32 62 1 299
32 63 1 116
32 65 1 654
32 68 1 757
32 69 1 504
32 73 1 946
32 74 1 519
32 77 1 434
32 78 1 179
32 79 1 223
32 80 1 655
32 82 1 769
32 85 1 513
32 88 1 488
32 94 1 996
32 97 1 778
32 99 1 102
32 100 1 279
23 25 1 513
23 26 1 146
23 27 1 335
23 29 1 150
23 30 1 403
23 34 1 498
23 35 1 333
23 37 1 673
23 38 1 285
23 39 1 772
23 40 1 148
23 41 1 190
23 42 1 779
23 44 1 448
23 46 1 422
23 48 1 303
23 54 1 791
23 57 1 502
23 60 1 887
23 61 1 807
23 65 1 804
23 67 1 840
23 71 1 879
23 76 1 432
23 77 1 467
23 79 1 118
23 84 1 173
23 86 1 569
23 88 1 435
23 90 1 295
23 91 1 855
23 92 1 977
23 93 1 375
23 94 1 826
23 95 1 179
23 96 1 463
23 98 1 794
23 99 1 431
