277627704301220 876904826842544 651068570212238
603785304390585 600532638397892 741101689906369
799701290224915 514681358334852 605599648518781
409056148158045 75995258859692 846084654997291
229749986533440 399837272191419 744270785549957
441295967383415 666582461764470 540443146614697
132270256276410 360251221164315 245015356660088
832264260206325 97260629682434 703360195935793
107540030377875 288748562792263 568032309995108
863373163405765 409373122189125 38236209903375
379939106481420 43559711041487 233405512543979
917144062001255 119103544976822 121083214911445
502459939517690 429852688096264 45965332428889
144598787492320 880901156141692 336920354242878
974923279394410 446001309940729 620575450222582
137672682757035 404806622125426 158333200828554
372156801790300 121240483854273 234744585578374
762108326425330 595675227939792 2536360097379
590871661231890 870033277680921 108126717357121
736531758152335 86418508062913 884886958427316
145774510535120 500029975176979 430259361730317
843913145524895 593338787343438 553022701749594
683656291339720 721638672909958 156717584681070
332801150843540 399178858489221 785864690688640
825239898684910 6218406921260 994528540004900
348584212548080 649423810133916 729116440956123
812006184490090 166253901859547 181245393215980
362329303909320 993393391580712 317424977671982
426833104542960 839890596615447 752074587025224
931572606581405 71880814485750 749550186075308
742070385724020 611953442709164 326766037007168
196517361280410 687525305645460 663412761435324
138153444691250 106673115931900 189754655901866
562652369112410 820557876226174 192885849540043
494244333947810 515218818727716 15131111367212
389036092460545 282749125596553 904834991389232
754509935267580 929153881020284 715892657718367
419946871718505 732332973015167 507333217145325
810309975318190 115618665644227 611781492939261
419235114195495 797067359881252 493576257570184
568945802030800 366189327975923 370239255158604
372889877251575 754760566622560 692762985946149
396027616959340 97208013350798 379665808610383
675526787570285 129375390500107 128491780039064
319996890175250 286481616269320 173741665517029
723306062562905 548552633476911 199589405758200
91656331029465 370844379715070 373188870729275
181987935578415 648073825882970 336018724589343
108272303051270 778107588759155 28255313983336
923739757779320 444414012268735 426953274320269
404540503081695 620356633393508 815807491206880
6980070004970 964191449410478 431614488014651
980288083080200 521526346869628 364592429058261
251856877207120 531724662881439 908246293936168
42840975609490 517032065340605 383094112367010
309854753871140 514790676104830 46644728950651
700811057922865 631033887466097 610883212194575
717539319043510 855456101931174 623456998070469
202058536269150 919919628874052 343041932900640
406379423569295 377430337982196 690337605741274
286079841403525 76775061357004 810729278430830
127626855646225 206970930847879 265500800793831
743495959800960 830632497274130 848754546450213
465050933591930 352296719377066 665668891636934
40387299536355 518775838850734 860878540059774
30351957055680 200022994385202 432145056562
271753043541605 190218850785567 190625279806970
780391145948020 813799744223629 476395537911557
875436003101470 567657773198351 931685098608594
990963030958280 582471948485444 621749769201001
965593536575355 842089016813068 945132475045325
395248532993605 477502887507714 140616791474709
32197146035405 443069119193490 739160646756711
743215096502115 627657329007086 927781884107470
419882167544420 744204927321709 546878873765619
264719018501030 253838642360492 477234891641978
636673808449435 467013305708580 962795848078961
911743204998535 916982333413244 185319181636172
662673204493785 563674747908004 842850445368645
882760758236555 920796645134400 4162552025624
677444289914385 269481747724363 840462005765901
605604332442945 345987016779755 326320613282913
108856032042740 739293081522373 696018321210943
85185949140045 511798487333123 493517715137670
154213092321645 922189060450744 28919578742101
689600368262315 292798106666918 80859650791829
257209830603740 541695202253783 152080669471829
794190720492700 164842108311426 380724650800322
877121871272850 902568858925502 293715955162501
277454234001965 530129124606813 107400840761159
777803381141285 698267321682819 656828997298798
663453132820310 665063025538780 411202856218155
684419045056330 468042894491256 663315683780066
6124997083860 966369418568076 774808368392717
690864199873845 448102211602338 139669106149237
657966060688035 76019022494568 430008619019604
491393242233435 499518717262292 778651083749793
111077496977700 918201815377247 222669771699877
735407953789490 173277822405863 221617622745351
31120503606180 946087722473411 449909678674948
321502155659000 488961335886561 733677825600011
865159273216075 765070713049957 861307248286846
209826808916215 339870904801486 872695109555135
132260445597480 610349397320071 804572945614505
887952033020710 165468434006389 535391675576568
261269251913295 705246276904840 433715357636386
826184014673370 305037470850334 417331518752195
419296524736970 807790217066772 26931179750816
234560096239395 327951796599960 317357224284593
728398150555355 785287067514606 947317417960538
577163066614555 4504432063441 855367622998725
34587625219965 253517608954662 652848825085116
739921826836110 263999730572299 739135836440294
709628326831015 521040972924870 999384510630433
456467730538575 287827050689543 804325875465408
457923375233165 984268849514930 581966171452574
607836325395590 685380063012819 119376552526523
775647863358755 314092860284227 397026806946463
353627667893360 747407694538136 94267306729885
802128194576435 167673511365121 255381416170544
293431454221460 83772298345488 521412559035524
303361460864060 79831177698656 583564703463297
107948078356865 449359942745193 750537986324032
899046325784415 614897721494890 810284049173630
578532306631550 540741301616999 166202456093827
605838013016035 36412963020946 307875831243904
943948456080360 452910734500123 576767194032503
124461815038365 849301786092661 417549658140779
870318216367385 768292670051095 705964002496832
742348949747145 732727793055317 59657477016375
11302035572535 533215770377575 930681832926714
489484922203230 359671603746029 483793543401699
476222849578340 644925783276473 488794784092325
683274359071070 435362224924224 858753624041770
884459093738955 633230362269099 698098638130779
389449303312115 94617863643491 964437488305878
144719651415275 500356500498541 588839344897670
985758141340420 837568696696491 4938835581918
85753144854630 692070456569332 998049014301966
303083857161660 44398518968260 966079601822993
875370442799085 969306963387069 40882046025438
453460082082040 657224207694279 394157062924866
359165563248690 244810182728764 242256869520716
171528030197740 78571306212314 561713669845359
689647972816635 132861409566958 814475063193720
921014632556925 90894482938877 164210015923908
553145513512425 831474105398411 87558100905873
918493712030025 801526400753192 22904371788892
571435576372415 322188599751716 637010366659175
650389608816870 365147885072274 739263363013541
379151606356995 626070911437594 306273100400089
944313625421880 538355922534331 475831213087307
933733036417070 685209825305899 221657309584156
806375978801525 200832051095759 351057972263214
948699318847675 245678306667295 521807359863441
744298750502715 457610695770083 802401927553358
248109712217395 400537673692846 628293692899437
526802351683625 951699225506644 402612637534523
182884632047470 879305039812862 576919000522403
340252331800615 964358321129339 248658008574330
835237379027555 478466736344007 664725130846364
533477451893075 509976166954996 232596770798907
546299149114610 122665654176550 129422571251318
50191448650325 717361003767064 1504674492776
671020031095155 669937889926682 944027433480958
165024469735315 667121716865057 64487692949699
932785613347275 595934119340443 90525549712247
559946080325135 130927516819941 280213594724373
780008864655220 419942495426696 954904681090018
548459606890420 858831244040633 840462719022994
564201365162185 527770234473809 839971778621229
134611983273305 927359606419958 488342656576051
821638397015840 689563015221890 525156010716687
749176096097895 586195174926429 12800102717980
313227370417330 728611620551622 998552209479370
353441240551900 905030258539119 952915243370271
660175468111180 2835793564724 156450309173515
92906469802040 461530455279583 555198880787723
280081617070170 951412619921465 141265041017166
658504234156235 286428736969474 540350770519163
581897107048025 162935799616002 778552131464560
896223698918065 371611985391551 19951777479899
82633947145385 846827506470405 349962881920871
855652843182585 627918013036483 489589411258256
990924756785710 307129179348112 950948718464479
702171041306235 426596370415039 103704799287547
434235418654905 914071191299466 8957611772104
270786901217230 537038800447072 799376377603998
72188946839445 577662675847504 785496320898054
401304875558595 357641214180375 24668909815618
232711270547240 129793034116015 280069223851812
35834761579055 333048568726013 631073633965656
467680855289880 996350462857161 601186782291973
85192435960145 235671318099665 463936910115075
96496589432275 62872930855648 651346492028454
846082893380325 455167736717435 626298510337843
111895215377765 199403471408667 922949303476401
266004477289900 767351148856870 444148567223230
232957728351325 236268688184637 505500689832628
204803150047825 118966821107326 508116466190622
647413141711485 844868971210293 666907089249671
512353450720240 56734434141858 875541932934921
64225771279010 315922905594297 721447971198774
561488891408820 156233079580777 275567002145270
688579788200775 195514257297487 289126472389818
64938830010735 501846621817893 230764917749031
924360935143275 701429447695916 406666953002346
555388237862785 258552683762338 193864167619568
355303965867310 279822107583152 91399637295807
970899340342125 209746519279259 544836913712847
891053924344535 807963792779003 670329257638824
456472675221375 715331749029942 809371486330430
554241298942280 145918438330770 469402428128523
802795860286175 259600102468948 804513011021197
553095473124730 453832461180758 6954380712585
119080155817210 48771756852708 713950132525082
175609830231830 847342452312309 224065534582867
831095243618075 174434201663555 501523982026942
60223217460510 109144410216115 954565295993762
977726240846900 103427604683193 55069696209438
115841474764040 350458743532997 814006598566819
756830750961670 817070405579821 602403145973936
334066276716470 781067314728552 98928114713404
836571309538880 824520665987701 927704548309691
896067082904250 679367590590816 299645501423194
914034663240090 230931776734015 968991720712926
635058251475305 750172636009684 134770740056746
732871101372030 420801943363424 869697529722160
698329714876395 848772461143718 327442640829987
451322947927985 987855604087137 735151005513732
978164844128355 790442696871008 224551715532959
799707802422155 741235167588026 434724974574363
981617485093070 465568191680905 602933273222863
348190051110905 318707101200863 499615394069139
447880528151610 942043804141634 662885011806792
52036352807905 179493747143613 940653793323238
22501843182665 43517444859873 864725159639761
248294243690020 167263609115375 834801985290438
231891684258040 526210231280642 320140131126944
610003269287555 970180335705725 474738272193258
675802174410890 354288194045360 637496124179772
382327439277095 157309173420566 447119145724982
129283814435010 95197264211671 615921252394648
913402400201800 28718239100949 755690131811123
878334294650200 268212303970370 604512420709909
191321501727515 956274546742578 39570062127291
64752377305000 843243801488050 213747777770559
368668354405030 169325220794838 715995440667473
682770061200675 755673703217807 169893148002068
960115506622895 677423355500150 500401208874132
523460286187875 707217101118271 890544884079909
661499643811545 795757574445291 135219317028516
586170860279170 200548401063174 637471865344409
471848813771345 917980260248201 78056637710946
809372385631055 936938005445271 376564107536874
681506929124565 319841241471662 980260261196683
316597397624920 265609780394355 616467650611453
765816424625030 715049936785166 591577496246898
293965095561565 854376099718712 927767689200519
185530880703765 402189709459671 700362448562756
287353897575195 427379910292929 832189676755945
810132386228895 979535887976260 532109334382085
509735106747140 642442075591687 291439770812744
179378146337570 168228781641638 703753170914642
301090081924700 631470968717094 74445479539010
649406748923665 838722400897673 159541047903615
596962730327835 298001514517227 163353401762857
62186799940155 873230556310306 916219052050071
247909231212195 628497790825912 189790378788970
124107447103930 260422769203998 833422874585590
119695792632515 790864763370778 447004079652746
505147591440230 450595613910704 768294083082535
179228804058305 679954975952367 52073582866785
872759561281945 169900474121980 868989073991421
530006154596580 16289774025152 862964281737455
423552909152870 628148349947491 92337575351429
145348342167595 514011406092 846206897870928
634095421808600 6001780674919 110545192710925
70420875570400 53208983495284 345066606351058
239764370708665 108795043225106 358046459425049
418625778015970 187052975612888 141110292530997
186375857058155 89690817339786 189188084551815
674110803953130 364679151064966 494362957517574
438143386516310 41370311165187 182157304758785
113548249805380 213588386221858 814763992370682
115625711988995 852907410233848 987107893791940
482966302138365 751797874977650 564956947161587
927284788452475 558997050638847 559705791914386
513816783913220 396825075602168 513525265364780
497029300329865 304033416154825 474877635337945
168642937962960 684121137250891 985833584765422
389574774361565 989693417060128 336680867526637
183319618903875 54847383253728 7701025806687
147547293471125 236239607376573 617090353426043
710715136570255 657724347589356 307334435394443
507086926131745 277138873360918 754871309556764
456479969110650 854019100348609 579344583942617
853120079032465 157072657866779 755288491100794
62785913952280 769658961715366 759348324006242
882934971137890 742146462571250 450319263684522
824039752535400 650804550350136 671061975942577
334596320672490 6391782350336 480419315772942
847502237391785 321533710696832 15179420739720
832600335601180 997837654114105 745880254662935
387763497270245 317059004256279 834243824112386
493033786442590 91647318901851 149551475744923
558549327165250 909144742846409 403170161899728
681816645629520 47374167039650 966126762316813
471059338862660 380669927066353 953119900110478
486601977884320 905327877368005 773186396670924
323185890685820 639851496567561 328207521902591
491831130984745 871508901496673 326851747692384
197911336049725 757988850217716 1119829772910
862070247307835 965404427376537 237509881523631
235442826734940 830903132765452 654359648014665
836974124807805 840373529002392 492991720277935
526728315124675 95578400125436 898025121461250
680122049480185 823391729739064 860114471265043
999053865503920 438837110541644 239600042240197
374444157284115 879394263814856 607784233479621
828394664898715 973227532594647 638904015196132
757577988899975 672378067165570 58667087097605
663857760224760 12285502857906 418202190413009
537175028307480 12793336170073 250075997474390
14037704088820 909974995865925 967588613359200
266196516259365 417000393183014 471574027089786
27560934732385 187561265192943 481863003459251
327784154869275 415202922777280 761674506857093
525383756867130 568281742862288 615643337043140
583299204592055 729886988344779 596391776565818
460298562324840 767264152647856 220277955202472
390924662249175 420879442750255 231048412625811
149712159508860 518920255170180 181476623948108
769362007045940 856223874038911 962561372500439
30709611279905 136231195807455 493746831545741
635821520077235 229105143494905 140515792338765
787073423690370 703617125096261 23297021489445
902951315761020 427615848953206 30929217554332
408791361287070 51012339173551 671590444740246
755912021624500 643801411503568 928677335490511
947586685340795 753100701710238 555266937977366
216076767504890 524039873927123 187447229473980
109413689178745 387074909666276 991592305361772
683195670856690 395412796578561 674892999585932
902262027852770 150577546071969 859221608883387
249228789330305 983914899211703 639406023818099
570182037079110 558769606755716 771074562337139
512096768755535 787497882392137 200467589570682
226373532885520 417733046393093 968497370398161
520761518909765 362234452913999 978254254551025
878855024308810 829664509858479 168016801050541
202142012211435 266876978452906 852517138026529
434397501565065 507017511321663 194470377264928
387503922067610 714678300497950 869357825422335
116918893238325 130810792853023 213047298754411
155123626032365 307111835642453 109822151494021
799356162142960 678514156606322 931472704748773
917053731828600 461138287364090 907347190504518
129957682711895 238110891322864 874885702887334
417824214849430 97868449664733 803566089803020
106718700226625 708101562183522 425308207609451
148470062140125 605304484645750 154699133592195
664405445181755 357723614427799 101374318528342
12286305267850 56671136477484 334664141156253
184942025425810 506656350551799 408481731376276
742832553946690 152605646930850 341238119542094
319391558929075 613094218706280 732375940683325
641320243641425 437099962253880 247924645289342
980777952725520 474468948675 132999542397498
330711459465165 593058945989920 608459352593081
156784157550800 878403738782520 603913289193579
642677797076390 19110512401113 806385269391976
195966436388240 911240060682793 422120138678371
209862116314015 986535725039455 989899698436423
884745983093620 970886018784371 895332170619940
279143872441110 391752382734529 410645864501034
622387331076065 686534714913122 108826675722871
922678265844810 745730130812502 239490390544314
269924662731700 338931321300349 983886135826766
981839543492840 748701412380240 334120284223470
241712891036390 99448928682535 321458818056490
455669038358305 312021443539080 779144082965745
569608208140250 739740863112837 314785079185674
1056271808030 946447679958255 982063717635886
446532086647590 842719212537029 940432795834829
981981222269255 771764638418008 581712658424660
209130165833190 266442188749260 14546443454814
840585404314135 625204829536916 19538152783904
768495517606870 206199238068320 240413518858918
243809872261465 300044433099332 245394578858312
201466473321005 410226856288210 71438892487120
655324859893720 703222328512361 583215303774492
17669371661515 418471523828054 824763264159309
421144151130270 68350763520625 679179568922474
410648140740315 991296590992542 84416877704451
317900851778275 687173891846607 469450696569653
550366285763770 146498966692048 516416605601943
578086180903275 254301729788699 140997691077484
34871369784405 519509374282438 514667984251314
840024748676875 944878162845503 183395264883045
735212879093085 442630518503978 453019100714822
867231487491785 281302797595080 662834969752122
25603870784505 789485260750840 752876157766277
752606387485790 2918161960684 709487750396499
854375201466235 239542389253743 130458221986268
21588426409780 346173382671907 11063078331475
900663833019065 598465021259457 872345946657605
802334313456820 754811230640470 723412352578274
876811128954025 532060145510662 206716219544082
575245798681760 497256042897596 436785737200675
893782903889400 91626845237363 531404866651284
779269142570420 546145040875662 296194946278601
776348218242705 972213903728901 369411992132404
207961962098910 840004554267765 866623086427175
367960776561160 335012400436033 736827831325458
844957977903025 511993833564882 846078136216250
81280983496920 137132607714379 887789858561130
453952852245125 617890058327343 14258888333227
353500090946295 157306486441421 323851570696363
88676017030400 911001211614087 580226362127438
875976720514645 352587293997181 436578850261547
950827436847430 393033298090247 821578878419825
62610596529770 638277371905001 294001495933316
308258265592480 99987592459609 472149703262893
312958124469360 435903550327005 444167113160048
877530246179500 827713165840970 948341015663988
640241358343140 798474129234352 117406576249887
490673972135055 495138247318724 864768376688363
537744322010145 431468682147566 284192506483883
103843740264335 681045335116839 775364004167259
854261685198545 550152162381692 593248902087540
965360055933820 828804599801908 963216018213675
330193473861270 802405824358872 454779047311259
835166986259345 938468191714902 385177222171791
363376575102245 534413630217462 175419063684129
875781293912580 362372291720786 479963671494681
478073716160720 47498405681908 630692059202557
644601730615920 653855476805359 267068735387303
194895116018915 975034233538282 628887935175622
26587082422340 861986946884756 296150372738884
165351658421235 784013295537475 578492766421558
255042807128430 821692160082426 591449981602821
713117085120385 232619685451310 185611284357492
999831106613985 47172822500640 983008482646645
463122204292765 611742516101200 959250286582962
413976897405030 118701711779890 209858197407103
263792188963360 283680948186174 970021761380046
872870033797290 641402484621466 747628237187243
129352360567175 645448050833292 176176593291130
291313745897135 357332335268868 16487025540130
342193311885605 226416860724873 778012677204560
237657257912635 226160599160111 207863640020538
500961372693395 911621931602028 670890147586455
577806588715085 3175949565083 507296090960375
564744432288755 40104093655558 699093431994205
374571955895570 147478154091612 967766729269406
991135139451780 28652135363943 303072420363400
647145443140675 506960649588097 941528135513041
321855194389150 506277864477770 151542729453632
606402813242420 636442260788736 913270936002810
951590705824630 810324469323718 124314826367469
467503031494405 21670818278437 476126466742439
470133237994870 220453724145322 581831723759826
937141150090830 465187507952522 131621013055556
728103337743070 840287717646771 899030258975259
409877434408990 848719292444319 343603488904307
686627191308835 226209391843682 197358292350541
899795407931520 934568223050699 464272674014543
386909202674520 671523772309507 789643199362584
629418526730435 290257051910770 242967866720109
801995747889460 341768603046503 436864443855486
275521543459565 125725605332920 247384439352372
991871196062575 23585611247782 601403937321035
207835153804865 76490910650119 930091247372796
929539377791930 227703162915657 844223939008170
13062859994820 40157774507827 260154398960946
822946450138220 247833667910331 764990805599252
620556025949500 870903737751113 624884496363066
218988056772515 32329680697453 925589264795265
371091874807955 624584001967227 604809153474953
301880195325980 409894546220457 416063361959268
755090616717925 457227244593052 890694085900119
864130240397710 215533535007649 747008392179694
872393771943810 711061755832299 701926670398164
529306884379790 263203568538723 513014453624045
127139266562875 377539499098149 335504643785438
86724606391520 548786896360101 329995639338358
585547850211895 362698669041192 743957219138870
333494126253075 819121449826736 249587214994977
518877602262095 247132754158096 574103001000408
180026693688365 848968594744890 526987991542288
420682243357620 849418304204404 660758912460103
304336604433730 223036276913404 805663974344433
589242252516895 707755562925875 658215986753509
263427769653675 407211956920747 566686457429600
83945852239090 664439048332798 939153415538201
105656967810660 591721568189908 432609291021821
467294924028180 108174195939436 203154937591519
231162867050565 611128258209530 216856127224511
981839376066880 217386888140441 461064553658725
554780607492230 799908246468187 971051489519421
526397445578985 339989124022504 835113155001097
842200875707525 841725346944650 928531670866753
926969700554690 315762321654631 157805741682973
757975728503685 850912706776627 886686162438181
105102310296090 124118702659502 801609583910202
61953423185975 920315804352387 570226977706380
221713665884715 562624121401505 911896711663164
44041505557975 933446333840766 186418333659721
193437331290275 657195007732926 321184474392378
984072689144980 204346695377542 689650306428532
666940165607105 346426898974550 274657912491463
238125471181790 549500903979941 270189528075629
939283808812000 490664871962017 14080482667771
601951174781320 227975331885683 580525643033325
760427760265495 899492544659191 808718642968701
711637779309540 317182035012989 439486058331750
582653560168815 316735541308430 466467976605876
503509879088410 124232205237876 160870050068328
10906468323035 603835510294767 194996911974495
134472541708440 713173012779297 705281779918700
575000620377870 656139771391255 617478223227039
143314659514345 662590390250825 892269069314588
8960527705120 887414547792547 961597665810640
86179502010260 453905148228730 556520472537681
662153746909055 872111957292413 881109036200235
310034422256230 737847581467396 124728807158680
389551958757620 715401262702540 665511196911805
940165210209015 85138183224753 949060510635496
32831716661725 315528294002164 976165014489664
370793226620805 780990082670709 755982452841175
269251620377475 338696876306933 420768984605296
546332981123350 620087399974388 636192873349788
437529303861125 666822110346146 39410075041302
495616341910750 639586530504465 538421132399893
350400947002545 293797720906723 869021942282587
618716362686630 731779194102148 254350672130525
448690358041370 491439797808412 144949404221503
748869715663615 193084129351104 463785317206123
979297592888465 581358840206813 683851572825493
196739153814120 5386965063112 195610406197621
435379781449645 982168754627310 691782732222917
678744036015160 977523902632624 18586626963875
57428676682135 401517859059223 559495333576655
365148725908000 995500078961521 107454720514929
316208515327165 770144201469822 837607906597006
478076043465885 659956297971651 100683693908568
293187438096410 139784259675903 408479990525653
16342642168215 403867315423917 751756142261380
811181913295245 629181557685855 978204033035492
330338433751060 421731533516246 230992941566537
548874552554010 785146380913596 362751608094920
808342819602545 348956986844038 42683022362041
461142342516670 977012914161981 229115058337494
748501172415055 128624982666988 611471338191053
513604503189970 36327846040805 61167425256500
42407237453100 947637131051555 20458528386881
497746334496340 896840108621768 1041981098127
411734610925035 96844727350752 305081238526291
490023283336885 679775936909874 105604997156977
39972482303965 284007360741961 545431149762942
513972478992370 240478754984917 705012537982855
750917972736810 397599722635889 730925426564299
221720285202615 70831098673183 810399224882012
533316622488050 238894954276394 495278950768094
107832858143385 870027845143883 172564431933050
841389702740060 587415334018568 530721641458167
521643219983565 627751322787540 772967537256626
205854706721795 580476561728653 255036786324163
712063883254680 323299163226637 971984943754667
953046640840935 787575183870974 893337825520418
339350944110720 939509409549728 43078759360082
326469272403995 975857948051226 406861442478408
951431458215740 587268095739878 848379082058774
727774548102410 849338652988871 243496712449006
17720170044510 11796581643297 666112725496184
566261771899590 839997844931139 985208870248053
877252861151480 521192614372047 163229185797215
826870019406735 138856775414126 291463849740439
169627341733070 74065330016287 634124002551531
594119160712470 85766667971708 145854137608499
315830984669055 521271436784512 872366513552728
2265881773935 880767533053082 441775322052017
985721993944170 574896843530872 402864483431442
280476306794660 933942535335139 494129690224457
835653469257675 518134977408557 815113802413189
58458557763730 577012994234275 816563983612617
746629048015005 959185072150155 670754836547570
658783761091420 212084205054429 410302608511219
393903102359185 861876696322094 892656759808307
901744489209990 916932295087552 706787729822386
130429852046905 597235378239530 623183635963821
423928547399910 763607773510396 408199171544751
400402969248505 953407912891494 542411834160641
240189872381195 208378129123699 8993569546103
631308478190490 92964448333457 775608739423506
559821452887890 142446603763683 725684452460974
61351185032640 434477117169721 91319100248974
161383068838055 292846248873874 525180946293216
890741803354330 374996444772189 580522377262768
110547209856995 197232180069743 362955613707835
921688526953850 815693907506056 693391829496309
168852703653910 68620854038679 81752102305185
982119568430050 82016290390366 195388042898585
573475561362840 356392265967600 716943808964800
274161506123160 231798908166207 715088170816355
442807625522425 759728016634744 507487918145702
267361947049725 363937981692198 209303239197442
557181286587080 468710514233243 722941462830205
212783780109575 801416842035769 691767202758031
668812687136450 438249129379473 543669886822160
691562452104255 861085883206518 548436117322385
410791306697675 280146625142433 265863690734181
725777317825745 839712009275228 888034400407097
635871945478385 924624935075908 912263835174955
964693933038275 407497085276014 309271985347106
350917930025335 536131591820248 936969140206804
231773716501730 937075692637952 452837430226327
645481276505530 135851623973086 597411569012289
458410546864325 127774668454460 372798010809472
882325981458335 560248888946640 331481401330218
755238894183040 304044568376417 322205664722374
869663276076450 545373913070633 648099414289950
167006656645500 176485114909942 625655895298503
928151146594050 6017854002114 355181771654
818757249467560 669383583813163 381734279113939
696929581689885 75586755753913 102157442441943
897083752412630 240947001403241 790848932336977
221953993772505 623393125085106 881176451780489
433632429795390 638615892335115 161039359422060
770857173531170 774627361846203 904383525206368
442819680831395 194564061565080 398673515595629
749992151964840 666983292693199 158185177376257
85420053070115 325076231451958 656458894386552
867906491351975 144263794055743 43434028675474
850781443641045 451562105580343 347301123153108
375379218468065 79907666494043 481115219317646
333195006422320 344981553730636 27468030466063
793466950751650 123926336176855 853098316285215
862847441432045 334626722842116 250420265755991
974547474571965 14778332523180 714458935398018
592304413518185 156412267256397 402046309136382
825686294169995 60065749402139 99516937078252
615277738550855 809229001333902 5579483983632
712011764248555 410781279390430 182532103452192
368949268787065 689246071124837 630568157172100
610114607766735 763303814549216 667650256136321
176917248209620 291593098235496 547277966471422
356151265324645 676020609188750 3533431794356
793045402832670 448183757705197 737133804836690
40129517924730 972543318350365 958395154128957
19520816105725 816879662678212 469534514836879
37332273298915 80774080824986 581265224438771
512343894364625 145514644509233 8143427103500
779271657592505 289347089611555 107534801192446
96823794275635 49653903465637 957556203730044
174725408010305 576586351822516 139557518064173
274089211109385 102998443300728 59745279320529
809261024344085 151846792968211 297868603675477
87167679370155 805871574899251 690778018351825
630879713286460 68172984108564 231976379170102
407746796160940 275636244445805 48724738450503
349048903164160 758785888001110 407784770809186
280167981155235 234452229012956 302957837229560
529782962658715 548651026033612 34081217893436
534176257560530 689120080057041 288813893181619
