90 11 52
20 28 74
95 88 52
20 6 91
15 11 84
60 4 72
15 64 86
15 41 78
70 52 14
5 92 88
85 14 5
65 5 49
40 58 40
5 84 97
95 25 8
10 43 92
65 46 55
55 70 19
60 100 97
45 92 99
20 52 93
35 18 65
50 23 73
60 94 64
35 73 31
80 32 68
70 59 91
30 38 57
5 66 49
15 52 2
70 43 64
25 80 38
80 27 2
35 71 7
45 35 5
25 94 91
10 36 55
95 78 79
10 13 52
100 22 97
20 91 48
80 97 25
75 56 13
100 12 92
100 29 62
80 99 38
25 5 98
75 27 1
65 72 84
60 90 9
80 91 78
65 41 39
5 5 33
70 14 21
100 69 93
40 60 64
10 46 4
15 22 38
80 29 11
20 25 72
85 11 58
75 41 10
5 94 11
55 54 2
50 21 20
90 47 14
80 72 100
100 91 7
25 49 49
40 2 19
85 94 42
15 96 66
30 81 50
45 82 66
40 88 27
15 17 4
55 34 97
90 76 22
70 40 64
25 40 41
55 100 31
50 9 63
75 63 43
70 41 41
80 21 15
80 78 6
25 66 6
5 25 57
75 38 80
60 4 21
45 40 6
65 16 80
55 1 90
15 9 86
20 90 97
60 40 60
20 40 86
15 2 87
40 40 60
95 54 46
70 98 69
15 22 84
55 57 88
80 45 4
95 38 25
55 55 28
5 56 63
85 34 95
75 65 69
50 52 28
80 41 52
70 40 33
55 66 62
5 44 74
5 23 55
75 49 80
40 8 42
75 69 29
55 48 52
20 24 83
55 19 8
35 5 75
60 16 8
40 53 49
35 97 91
15 6 51
10 94 12
20 14 16
15 49 9
100 96 93
25 34 53
55 9 61
95 54 32
50 1 7
30 11 18
5 33 66
35 49 86
75 72 62
40 95 32
30 95 18
15 29 73
45 56 87
100 75 20
25 94 39
40 95 20
90 6 14
100 78 55
95 49 93
100 50 56
95 43 52
55 20 40
45 59 78
90 57 61
40 35 94
85 83 36
95 70 58
70 1 2
55 31 51
100 47 88
80 88 14
25 90 64
15 54 51
40 11 3
95 76 94
65 80 24
70 58 57
25 2 83
25 42 6
10 51 55
20 61 33
15 64 77
40 22 51
65 100 74
80 74 7
5 82 52
40 80 10
20 49 33
15 65 32
85 78 10
65 17 88
65 65 42
85 10 74
55 46 23
40 96 24
40 38 65
70 6 6
25 63 76
60 2 70
45 15 3
65 14 46
30 1 42
50 8 18
15 81 98
15 100 84
45 53 1
70 51 32
40 25 41
70 61 14
5 98 79
45 3 8
75 82 17
65 56 48
30 57 10
40 47 52
70 30 24
80 6 89
35 46 27
5 8 4
80 99 91
90 2 19
95 65 51
75 32 96
15 9 19
15 90 14
5 85 3
70 8 66
30 66 26
30 26 63
25 70 55
10 69 21
95 31 38
90 79 67
90 63 15
25 13 69
85 52 57
55 10 45
10 2 44
30 37 14
35 8 8
65 69 81
90 68 9
75 65 51
45 53 18
30 90 81
65 34 78
85 64 36
70 39 63
95 42 12
80 77 71
50 26 93
35 94 26
5 99 16
80 67 26
80 33 32
20 91 89
75 99 32
5 21 88
15 83 15
25 92 24
75 99 37
90 55 21
95 28 49
35 21 51
85 47 40
90 54 19
60 48 42
35 52 69
20 48 91
90 42 39
95 45 74
60 75 40
35 55 40
70 46 27
50 90 76
75 19 68
10 25 26
45 50 5
40 45 5
10 41 61
25 48 86
80 40 24
55 97 61
20 54 4
10 60 55
5 8 75
95 12 13
55 99 16
90 62 87
80 53 10
45 47 4
20 41 96
50 80 5
95 46 90
10 19 73
70 69 45
5 99 86
85 87 62
100 100 59
60 35 63
75 86 96
85 45 54
55 96 65
60 89 81
45 18 69
5 22 98
95 33 85
90 46 38
80 41 87
70 57 69
55 93 96
55 92 84
30 95 100
65 21 81
60 28 7
45 62 100
50 56 21
100 10 66
60 76 35
70 17 9
75 53 6
25 63 3
40 7 72
55 30 89
5 43 54
25 14 47
15 29 92
40 32 8
20 53 100
60 56 79
45 38 86
5 81 63
15 25 90
30 35 63
80 93 72
75 24 43
90 42 48
45 74 48
85 42 78
30 79 10
55 29 15
100 3 38
80 85 32
5 99 2
10 22 78
95 94 69
100 87 75
75 2 85
60 72 14
5 14 31
30 38 42
85 10 43
95 42 100
80 25 8
55 64 1
40 1 6
55 98 26
30 50 23
95 87 43
10 90 50
60 91 40
25 60 23
90 87 48
100 74 52
60 29 67
40 49 10
20 1 40
70 55 86
65 86 100
10 34 82
100 23 89
85 52 68
95 58 76
85 14 42
5 45 84
90 40 18
10 48 33
40 53 79
45 71 2
15 94 49
15 30 30
10 42 7
25 22 21
15 48 96
60 26 28
55 13 11
45 48 77
55 41 99
25 99 32
10 15 29
15 69 59
60 44 100
15 72 68
85 81 21
70 79 18
20 90 77
95 41 99
75 48 26
50 61 49
90 52 57
35 64 92
10 29 31
50 35 63
50 41 3
60 81 7
70 83 7
5 76 92
75 61 61
35 52 1
70 28 83
100 48 40
15 73 1
15 80 100
30 57 13
45 93 33
10 15 20
65 68 12
75 22 81
85 10 15
80 31 93
100 20 5
65 96 94
70 41 78
40 94 72
35 53 84
30 91 20
10 31 7
15 19 22
20 61 44
100 25 70
55 18 75
100 8 27
100 86 33
95 83 76
60 51 89
60 1 74
5 10 79
95 86 60
85 7 40
5 34 27
45 46 94
5 19 48
45 20 66
15 81 87
40 8 65
95 26 20
35 7 27
85 7 56
70 27 69
80 13 46
25 22 38
35 87 18
100 88 49
65 91 14
75 88 99
5 13 47
85 32 7
95 73 29
20 10 85
55 80 87
20 1 100
70 12 11
10 3 79
90 95 18
55 24 82
35 14 19
65 55 52
40 70 43
65 5 93
25 98 20
10 80 48
90 50 38
45 31 55
15 70 93
70 18 17
90 96 84
40 3 59
25 40 87
45 60 82
30 32 16
100 7 11
75 74 99
15 29 49
65 53 38
45 68 76
5 8 73
5 49 45
40 70 93
70 27 14
5 11 92
75 82 68
45 78 94
40 68 2
50 34 5
15 31 72
60 59 90
80 72 26
25 72 37
80 86 14
25 93 33
10 62 32
90 23 45
35 52 39
20 70 36
25 78 56
95 86 48
15 92 8
90 28 66
25 88 34
90 21 18
20 12 56
15 54 23
40 38 38
60 82 16
100 13 60
55 34 14
20 66 39
45 14 42
10 2 71
40 96 51
10 70 79
85 92 2
70 15 96
40 33 16
90 100 9
25 67 75
70 51 88
95 23 23
5 92 17
100 62 94
60 11 73
25 70 61
25 67 84
95 42 47
95 97 67
30 18 46
85 26 83
95 82 6
65 78 6
25 19 20
15 57 12
95 32 72
100 48 65
10 1 72
100 52 61
30 35 91
60 6 75
25 44 29
50 42 2
40 18 6
55 97 55
35 79 36
100 92 73
75 8 28
80 9 51
25 10 8
85 46 70
25 49 79
90 44 91
40 38 51
100 70 6
40 66 85
70 55 74
60 4 39
85 35 20
25 43 99
35 12 64
25 40 7
70 23 33
70 67 73
20 66 6
90 37 47
60 37 78
70 81 17
40 66 88
70 64 71
25 90 83
50 4 31
25 20 65
45 56 64
100 43 88
60 59 44
20 58 9
15 61 2
70 31 47
20 15 44
70 82 28
70 91 4
60 42 31
75 42 90
75 91 61
20 100 72
90 77 12
80 95 53
65 18 63
10 98 15
60 13 58
85 88 73
75 51 100
55 14 35
10 90 21
35 56 59
75 44 13
65 72 28
95 32 56
15 16 74
45 15 10
100 23 78
75 8 49
30 61 39
95 25 28
45 35 60
80 41 25
40 37 40
40 62 38
55 63 56
90 92 22
60 89 83
40 90 10
20 4 59
55 54 87
95 13 67
75 87 38
10 5 85
90 44 46
40 75 17
25 59 62
10 75 82
80 23 40
55 12 1
25 65 75
45 46 6
70 52 53
10 45 20
35 31 57
70 3 70
70 75 64
85 85 75
90 12 40
15 1 58
15 49 44
95 54 97
75 26 18
100 91 88
5 38 83
60 33 88
60 46 78
50 25 20
45 58 12
55 85 25
50 67 7
35 91 74
10 54 73
10 50 9
50 87 2
80 1 25
45 16 83
30 86 64
45 83 86
100 37 86
80 90 66
25 33 68
60 43 50
25 75 25
45 95 67
25 20 30
95 98 13
85 21 11
55 73 2
20 65 77
20 45 62
55 56 88
100 95 39
15 58 27
80 13 44
80 43 72
20 22 52
