11
9
-3
13
12
20
59
21
9
18
33
-3
12
40
4
26
18
-12
20
20
12
-16
5
3
-6
1
-6
7
4
10
-8
10
12
10
-27
-1
2
22
16
1
20
7
22
27
14
42
37
1
20
-25
37
10
32
20
26
10
12
27
11
-3
8
12
17
4
7
11
28
2
12
19
19
28
15
15
21
15
30
27
21
7
-8
5
-5
28
9
11
-3
-3
7
-9
4
3
21
41
9
16
-4
19
-1
-2
33
14
35
48
10
12
-1
10
10
15
9
-2
-2
7
9
8
8
6
12
22
-3
9
24
18
15
8
13
3
-2
12
9
17
17
5
-2
7
-4
-1
48
-13
-13
3
21
1
2
12
1
24
24
39
-1
13
34
11
5
-7
11
7
13
10
35
7
32
14
25
35
-3
-19
15
31
14
10
30
17
-10
5
15
16
-8
11
26
1
5
18
12
-6
11
57
43
19
-18
5
3
5
40
12
9
9
16
15
5
1
-5
-11
-1
4
6
44
-8
16
-2
6
16
7
-3
23
18
-9
19
13
38
9
12
19
9
32
1
5
7
19
-1
-6
7
32
31
-3
3
6
33
7
23
18
13
30
34
-5
-5
24
6
1
37
4
13
-3
27
17
7
11
7
22
39
18
14
23
12
-28
-9
35
11
42
5
12
9
47
-3
21
17
1
16
50
20
25
-1
50
23
33
14
9
8
2
-3
41
2
-2
-10
3
-7
-9
7
19
33
18
11
20
14
16
8
17
27
11
2
26
-4
28
8
48
6
4
12
4
-9
8
15
37
18
27
25
5
2
-1
13
1
28
19
32
25
22
26
10
7
8
34
-9
19
12
23
-8
26
13
-2
2
63
30
12
24
9
17
-5
-6
50
5
-4
6
-19
-2
-13
30
23
24
24
22
5
6
-8
24
27
15
18
50
8
36
5
-2
8
4
6
16
2
5
6
-4
5
23
17
11
4
10
17
12
12
18
6
26
6
8
6
4
11
0
8
9
35
7
28
-1
2
7
0
-10
3
5
11
21
11
11
0
3
9
7
10
9
9
-11
-2
64
11
4
-6
10
-18
11
16
1
3
19
5
0
12
0
11
7
28
3
4
9
3
-1
-4
-1
63
1
13
-4
18
3
-12
32
11
24
5
-4
4
3
4
17
21
-4
8
19
11
3
-6
7
-8
24
9
8
15
19
-12
12
23
-7
18
11
-1
-2
19
24
4
9
13
14
1
24
19
20
22
-1
47
30
17
23
20
21
29
-9
10
16
12
14
2
0
19
11
2
-11
5
31
45
0
4
24
25
17
5
0
20
3
-15
26
27
5
8
-8
-6
-12
9
2
-14
23
31
-19
12
2
8
11
11
21
8
-10
2
8
17
8
29
40
-13
9
18
27
13
33
25
12
-5
1
8
15
10
17
23
9
18
9
7
5
14
-12
-3
36
9
26
47
22
14
15
32
-1
22
14
30
4
19
14
29
19
-37
5
37
-3
19
27
8
4
32
20
0
-18
6
-4
15
47
1
10
-3
23
3
5
8
12
-16
13
1
15
-1
13
-10
-6
16
11
-3
15
25
11
27
33
7
4
37
-3
7
6
7
5
7
4
19
4
4
3
12
30
-3
-11
7
